1.9,0.1,0,1.9,1
1.9,0.1,0,1.9,1
1.9,0.1,0,1.9,1
1.9,0.1,0,1.9,1
1.9,0.1,0,1.9,1
1.9,0.1,0,1.9,1
1.9,0.1,0,1.9,1
1.9,0.1,0,1.9,1
1.9,0.1,0,1.9,1
1.9,0.1,0,1.9,1
1.9,0.1,0,1.9,1
1.9,0.1,0,1.9,1
1.9,0.1,0,1.9,1
1.9,0.1,0,1.9,1
1.9,0.1,0,1.9,1
1.9,0.1,0,1.9,1
1.9,0.1,0,1.9,1
1.9,0.1,0,1.9,1
1.9,0.1,0,1.9,1
1.9,0.1,0,1.9,1
1.9,0.1,0,1.9,1
1.9009,0.1,0.0087719,1.9,1
1.9009,0.1,0.0087719,1.9,1
1.907,0.1,0.070175,1.9,1
1.8164,0.1,0.11404,1.9,0.95
1.8182,0.1,0.13158,1.9,0.95
1.8261,0.1,0.21053,1.9,0.95
1.8348,0.1,0.29825,1.9,0.95
1.8427,0.1,0.37719,1.9,0.95
1.8489,0.1,0.4386,1.9,0.95
1.8576,0.1,0.52632,1.9,0.95
1.8655,0.1,0.60526,1.9,0.95
1.8699,0.1,0.64912,1.9,0.95
1.8778,0.1,0.72807,1.9,0.95
1.7872,0.1,0.77193,1.9,0.9
1.7898,0.1,0.79825,1.9,0.9
1.7942,0.1,0.84211,1.9,0.9
1.7977,0.1,0.87719,1.9,0.9
1.7995,0.1,0.89474,1.9,0.9
1.7995,0.1,0.89474,1.9,0.9
1.8039,0.1,0.9386,1.9,0.9
1.8039,0.1,0.9386,1.9,0.9
1.8065,0.1,0.96491,1.9,0.9
1.8074,0.1,0.97368,1.9,0.9
1.8074,0.1,0.97368,1.9,0.9
1.8082,0.1,0.98246,1.9,0.9
1.8082,0.1,0.98246,1.9,0.9
1.8082,0.1,0.98246,1.9,0.9
1.7132,0.1,0.98246,1.9,0.85
1.7132,0.1,0.98246,1.9,0.85
1.5241,0.1,0.99123,1.9,0.75
1.525,0.1,1,1.9,0.75
1.525,0.1,1,1.9,0.75
1.525,0.1,1,1.9,0.75
1.525,0.1,1,1.9,0.75
1.525,0.1,1,1.9,0.75
1.525,0.1,1,1.9,0.75
1.525,0.1,1,1.9,0.75
1.525,0.1,1,1.9,0.75
1.43,0.1,1,1.9,0.7
1.43,0.1,1,1.9,0.7
1.43,0.1,1,1.9,0.7
1.43,0.1,1,1.9,0.7
1.43,0.1,1,1.9,0.7
1.43,0.1,1,1.9,0.7
1.335,0.1,1,1.9,0.65
1.335,0.1,1,1.9,0.65
1.335,0.1,1,1.9,0.65
1.335,0.1,1,1.9,0.65
1.24,0.1,1,1.9,0.6
1.24,0.1,1,1.9,0.6
1.24,0.1,1,1.9,0.6
1.145,0.1,1,1.9,0.55
1.05,0.1,1,1.9,0.5
1.05,0.1,1,1.9,0.5
0.955,0.1,1,1.9,0.45
0.86,0.1,1,1.9,0.4
0.67,0.1,1,1.9,0.3
0.575,0.1,1,1.9,0.25
0.575,0.1,1,1.9,0.25
0.48,0.1,1,1.9,0.2
0.48,0.1,1,1.9,0.2
0.48,0.1,1,1.9,0.2
0.48,0.1,1,1.9,0.2
0.48,0.1,1,1.9,0.2
0.48,0.1,1,1.9,0.2
0.48,0.1,1,1.9,0.2
0.385,0.1,1,1.9,0.15
0.385,0.1,1,1.9,0.15
0.385,0.1,1,1.9,0.15
0.385,0.1,1,1.9,0.15
0.385,0.1,1,1.9,0.15
0.385,0.1,1,1.9,0.15
0.385,0.1,1,1.9,0.15
0.385,0.1,1,1.9,0.15
0.385,0.1,1,1.9,0.15
0.385,0.1,1,1.9,0.15
0.29,0.1,1,1.9,0.1
0.195,0.1,1,1.9,0.05
0.195,0.1,1,1.9,0.05
0.1,0.1,1,1.9,0
1.8,0.2,0,1.8,1
1.8,0.2,0,1.8,1
1.8,0.2,0,1.8,1
1.8,0.2,0,1.8,1
1.8,0.2,0,1.8,1
1.8,0.2,0,1.8,1
1.8,0.2,0,1.8,1
1.8,0.2,0,1.8,1
1.8,0.2,0,1.8,1
1.8,0.2,0,1.8,1
1.8,0.2,0,1.8,1
1.8,0.2,0,1.8,1
1.8,0.2,0,1.8,1
1.8,0.2,0,1.8,1
1.8,0.2,0,1.8,1
1.8,0.2,0,1.8,1
1.8,0.2,0,1.8,1
1.8,0.2,0,1.8,1
1.8,0.2,0,1.8,1
1.8,0.2,0,1.8,1
1.8,0.2,0,1.8,1
1.8018,0.2,0.0087719,1.8,1
1.8018,0.2,0.0087719,1.8,1
1.814,0.2,0.070175,1.8,1
1.7328,0.2,0.11404,1.8,0.95
1.7363,0.2,0.13158,1.8,0.95
1.7521,0.2,0.21053,1.8,0.95
1.7696,0.2,0.29825,1.8,0.95
1.7854,0.2,0.37719,1.8,0.95
1.7977,0.2,0.4386,1.8,0.95
1.8153,0.2,0.52632,1.8,0.95
1.8311,0.2,0.60526,1.8,0.95
1.8398,0.2,0.64912,1.8,0.95
1.8556,0.2,0.72807,1.8,0.95
1.7744,0.2,0.77193,1.8,0.9
1.7796,0.2,0.79825,1.8,0.9
1.7884,0.2,0.84211,1.8,0.9
1.7954,0.2,0.87719,1.8,0.9
1.7989,0.2,0.89474,1.8,0.9
1.7989,0.2,0.89474,1.8,0.9
1.8077,0.2,0.9386,1.8,0.9
1.8077,0.2,0.9386,1.8,0.9
1.813,0.2,0.96491,1.8,0.9
1.8147,0.2,0.97368,1.8,0.9
1.8147,0.2,0.97368,1.8,0.9
1.8165,0.2,0.98246,1.8,0.9
1.8165,0.2,0.98246,1.8,0.9
1.8165,0.2,0.98246,1.8,0.9
1.7265,0.2,0.98246,1.8,0.85
1.7265,0.2,0.98246,1.8,0.85
1.5482,0.2,0.99123,1.8,0.75
1.55,0.2,1,1.8,0.75
1.55,0.2,1,1.8,0.75
1.55,0.2,1,1.8,0.75
1.55,0.2,1,1.8,0.75
1.55,0.2,1,1.8,0.75
1.55,0.2,1,1.8,0.75
1.55,0.2,1,1.8,0.75
1.55,0.2,1,1.8,0.75
1.46,0.2,1,1.8,0.7
1.46,0.2,1,1.8,0.7
1.46,0.2,1,1.8,0.7
1.46,0.2,1,1.8,0.7
1.46,0.2,1,1.8,0.7
1.46,0.2,1,1.8,0.7
1.37,0.2,1,1.8,0.65
1.37,0.2,1,1.8,0.65
1.37,0.2,1,1.8,0.65
1.37,0.2,1,1.8,0.65
1.28,0.2,1,1.8,0.6
1.28,0.2,1,1.8,0.6
1.28,0.2,1,1.8,0.6
1.19,0.2,1,1.8,0.55
1.1,0.2,1,1.8,0.5
1.1,0.2,1,1.8,0.5
1.01,0.2,1,1.8,0.45
0.92,0.2,1,1.8,0.4
0.74,0.2,1,1.8,0.3
0.65,0.2,1,1.8,0.25
0.65,0.2,1,1.8,0.25
0.56,0.2,1,1.8,0.2
0.56,0.2,1,1.8,0.2
0.56,0.2,1,1.8,0.2
0.56,0.2,1,1.8,0.2
0.56,0.2,1,1.8,0.2
0.56,0.2,1,1.8,0.2
0.56,0.2,1,1.8,0.2
0.47,0.2,1,1.8,0.15
0.47,0.2,1,1.8,0.15
0.47,0.2,1,1.8,0.15
0.47,0.2,1,1.8,0.15
0.47,0.2,1,1.8,0.15
0.47,0.2,1,1.8,0.15
0.47,0.2,1,1.8,0.15
0.47,0.2,1,1.8,0.15
0.47,0.2,1,1.8,0.15
0.47,0.2,1,1.8,0.15
0.38,0.2,1,1.8,0.1
0.29,0.2,1,1.8,0.05
0.29,0.2,1,1.8,0.05
0.2,0.2,1,1.8,0
1.7,0.3,0,1.7,1
1.7,0.3,0,1.7,1
1.7,0.3,0,1.7,1
1.7,0.3,0,1.7,1
1.7,0.3,0,1.7,1
1.7,0.3,0,1.7,1
1.7,0.3,0,1.7,1
1.7,0.3,0,1.7,1
1.7,0.3,0,1.7,1
1.7,0.3,0,1.7,1
1.7,0.3,0,1.7,1
1.7,0.3,0,1.7,1
1.7,0.3,0,1.7,1
1.7,0.3,0,1.7,1
1.7,0.3,0,1.7,1
1.7,0.3,0,1.7,1
1.7,0.3,0,1.7,1
1.7,0.3,0,1.7,1
1.7,0.3,0,1.7,1
1.7,0.3,0,1.7,1
1.7,0.3,0,1.7,1
1.7026,0.3,0.0087719,1.7,1
1.7026,0.3,0.0087719,1.7,1
1.7211,0.3,0.070175,1.7,1
1.6492,0.3,0.11404,1.7,0.95
1.6545,0.3,0.13158,1.7,0.95
1.6782,0.3,0.21053,1.7,0.95
1.7045,0.3,0.29825,1.7,0.95
1.7282,0.3,0.37719,1.7,0.95
1.7466,0.3,0.4386,1.7,0.95
1.7729,0.3,0.52632,1.7,0.95
1.7966,0.3,0.60526,1.7,0.95
1.8097,0.3,0.64912,1.7,0.95
1.8334,0.3,0.72807,1.7,0.95
1.7616,0.3,0.77193,1.7,0.9
1.7695,0.3,0.79825,1.7,0.9
1.7826,0.3,0.84211,1.7,0.9
1.7932,0.3,0.87719,1.7,0.9
1.7984,0.3,0.89474,1.7,0.9
1.7984,0.3,0.89474,1.7,0.9
1.8116,0.3,0.9386,1.7,0.9
1.8116,0.3,0.9386,1.7,0.9
1.8195,0.3,0.96491,1.7,0.9
1.8221,0.3,0.97368,1.7,0.9
1.8221,0.3,0.97368,1.7,0.9
1.8247,0.3,0.98246,1.7,0.9
1.8247,0.3,0.98246,1.7,0.9
1.8247,0.3,0.98246,1.7,0.9
1.7397,0.3,0.98246,1.7,0.85
1.7397,0.3,0.98246,1.7,0.85
1.5724,0.3,0.99123,1.7,0.75
1.575,0.3,1,1.7,0.75
1.575,0.3,1,1.7,0.75
1.575,0.3,1,1.7,0.75
1.575,0.3,1,1.7,0.75
1.575,0.3,1,1.7,0.75
1.575,0.3,1,1.7,0.75
1.575,0.3,1,1.7,0.75
1.575,0.3,1,1.7,0.75
1.49,0.3,1,1.7,0.7
1.49,0.3,1,1.7,0.7
1.49,0.3,1,1.7,0.7
1.49,0.3,1,1.7,0.7
1.49,0.3,1,1.7,0.7
1.49,0.3,1,1.7,0.7
1.405,0.3,1,1.7,0.65
1.405,0.3,1,1.7,0.65
1.405,0.3,1,1.7,0.65
1.405,0.3,1,1.7,0.65
1.32,0.3,1,1.7,0.6
1.32,0.3,1,1.7,0.6
1.32,0.3,1,1.7,0.6
1.235,0.3,1,1.7,0.55
1.15,0.3,1,1.7,0.5
1.15,0.3,1,1.7,0.5
1.065,0.3,1,1.7,0.45
0.98,0.3,1,1.7,0.4
0.81,0.3,1,1.7,0.3
0.725,0.3,1,1.7,0.25
0.725,0.3,1,1.7,0.25
0.64,0.3,1,1.7,0.2
0.64,0.3,1,1.7,0.2
0.64,0.3,1,1.7,0.2
0.64,0.3,1,1.7,0.2
0.64,0.3,1,1.7,0.2
0.64,0.3,1,1.7,0.2
0.64,0.3,1,1.7,0.2
0.555,0.3,1,1.7,0.15
0.555,0.3,1,1.7,0.15
0.555,0.3,1,1.7,0.15
0.555,0.3,1,1.7,0.15
0.555,0.3,1,1.7,0.15
0.555,0.3,1,1.7,0.15
0.555,0.3,1,1.7,0.15
0.555,0.3,1,1.7,0.15
0.555,0.3,1,1.7,0.15
0.555,0.3,1,1.7,0.15
0.47,0.3,1,1.7,0.1
0.385,0.3,1,1.7,0.05
0.385,0.3,1,1.7,0.05
0.3,0.3,1,1.7,0
1.6,0.4,0,1.6,1
1.6,0.4,0,1.6,1
1.6,0.4,0,1.6,1
1.6,0.4,0,1.6,1
1.6,0.4,0,1.6,1
1.6,0.4,0,1.6,1
1.6,0.4,0,1.6,1
1.6,0.4,0,1.6,1
1.6,0.4,0,1.6,1
1.6,0.4,0,1.6,1
1.6,0.4,0,1.6,1
1.6,0.4,0,1.6,1
1.6,0.4,0,1.6,1
1.6,0.4,0,1.6,1
1.6,0.4,0,1.6,1
1.6,0.4,0,1.6,1
1.6,0.4,0,1.6,1
1.6,0.4,0,1.6,1
1.6,0.4,0,1.6,1
1.6,0.4,0,1.6,1
1.6,0.4,0,1.6,1
1.6035,0.4,0.0087719,1.6,1
1.6035,0.4,0.0087719,1.6,1
1.6281,0.4,0.070175,1.6,1
1.5656,0.4,0.11404,1.6,0.95
1.5726,0.4,0.13158,1.6,0.95
1.6042,0.4,0.21053,1.6,0.95
1.6393,0.4,0.29825,1.6,0.95
1.6709,0.4,0.37719,1.6,0.95
1.6954,0.4,0.4386,1.6,0.95
1.7305,0.4,0.52632,1.6,0.95
1.7621,0.4,0.60526,1.6,0.95
1.7796,0.4,0.64912,1.6,0.95
1.8112,0.4,0.72807,1.6,0.95
1.7488,0.4,0.77193,1.6,0.9
1.7593,0.4,0.79825,1.6,0.9
1.7768,0.4,0.84211,1.6,0.9
1.7909,0.4,0.87719,1.6,0.9
1.7979,0.4,0.89474,1.6,0.9
1.7979,0.4,0.89474,1.6,0.9
1.8154,0.4,0.9386,1.6,0.9
1.8154,0.4,0.9386,1.6,0.9
1.826,0.4,0.96491,1.6,0.9
1.8295,0.4,0.97368,1.6,0.9
1.8295,0.4,0.97368,1.6,0.9
1.833,0.4,0.98246,1.6,0.9
1.833,0.4,0.98246,1.6,0.9
1.833,0.4,0.98246,1.6,0.9
1.753,0.4,0.98246,1.6,0.85
1.753,0.4,0.98246,1.6,0.85
1.5965,0.4,0.99123,1.6,0.75
1.6,0.4,1,1.6,0.75
1.6,0.4,1,1.6,0.75
1.6,0.4,1,1.6,0.75
1.6,0.4,1,1.6,0.75
1.6,0.4,1,1.6,0.75
1.6,0.4,1,1.6,0.75
1.6,0.4,1,1.6,0.75
1.6,0.4,1,1.6,0.75
1.52,0.4,1,1.6,0.7
1.52,0.4,1,1.6,0.7
1.52,0.4,1,1.6,0.7
1.52,0.4,1,1.6,0.7
1.52,0.4,1,1.6,0.7
1.52,0.4,1,1.6,0.7
1.44,0.4,1,1.6,0.65
1.44,0.4,1,1.6,0.65
1.44,0.4,1,1.6,0.65
1.44,0.4,1,1.6,0.65
1.36,0.4,1,1.6,0.6
1.36,0.4,1,1.6,0.6
1.36,0.4,1,1.6,0.6
1.28,0.4,1,1.6,0.55
1.2,0.4,1,1.6,0.5
1.2,0.4,1,1.6,0.5
1.12,0.4,1,1.6,0.45
1.04,0.4,1,1.6,0.4
0.88,0.4,1,1.6,0.3
0.8,0.4,1,1.6,0.25
0.8,0.4,1,1.6,0.25
0.72,0.4,1,1.6,0.2
0.72,0.4,1,1.6,0.2
0.72,0.4,1,1.6,0.2
0.72,0.4,1,1.6,0.2
0.72,0.4,1,1.6,0.2
0.72,0.4,1,1.6,0.2
0.72,0.4,1,1.6,0.2
0.64,0.4,1,1.6,0.15
0.64,0.4,1,1.6,0.15
0.64,0.4,1,1.6,0.15
0.64,0.4,1,1.6,0.15
0.64,0.4,1,1.6,0.15
0.64,0.4,1,1.6,0.15
0.64,0.4,1,1.6,0.15
0.64,0.4,1,1.6,0.15
0.64,0.4,1,1.6,0.15
0.64,0.4,1,1.6,0.15
0.56,0.4,1,1.6,0.1
0.48,0.4,1,1.6,0.05
0.48,0.4,1,1.6,0.05
0.4,0.4,1,1.6,0
1.5,0.5,0,1.5,1
1.5,0.5,0,1.5,1
1.5,0.5,0,1.5,1
1.5,0.5,0,1.5,1
1.5,0.5,0,1.5,1
1.5,0.5,0,1.5,1
1.5,0.5,0,1.5,1
1.5,0.5,0,1.5,1
1.5,0.5,0,1.5,1
1.5,0.5,0,1.5,1
1.5,0.5,0,1.5,1
1.5,0.5,0,1.5,1
1.5,0.5,0,1.5,1
1.5,0.5,0,1.5,1
1.5,0.5,0,1.5,1
1.5,0.5,0,1.5,1
1.5,0.5,0,1.5,1
1.5,0.5,0,1.5,1
1.5,0.5,0,1.5,1
1.5,0.5,0,1.5,1
1.5,0.5,0,1.5,1
1.5044,0.5,0.0087719,1.5,1
1.5044,0.5,0.0087719,1.5,1
1.5351,0.5,0.070175,1.5,1
1.482,0.5,0.11404,1.5,0.95
1.4908,0.5,0.13158,1.5,0.95
1.5303,0.5,0.21053,1.5,0.95
1.5741,0.5,0.29825,1.5,0.95
1.6136,0.5,0.37719,1.5,0.95
1.6443,0.5,0.4386,1.5,0.95
1.6882,0.5,0.52632,1.5,0.95
1.7276,0.5,0.60526,1.5,0.95
1.7496,0.5,0.64912,1.5,0.95
1.789,0.5,0.72807,1.5,0.95
1.736,0.5,0.77193,1.5,0.9
1.7491,0.5,0.79825,1.5,0.9
1.7711,0.5,0.84211,1.5,0.9
1.7886,0.5,0.87719,1.5,0.9
1.7974,0.5,0.89474,1.5,0.9
1.7974,0.5,0.89474,1.5,0.9
1.8193,0.5,0.9386,1.5,0.9
1.8193,0.5,0.9386,1.5,0.9
1.8325,0.5,0.96491,1.5,0.9
1.8368,0.5,0.97368,1.5,0.9
1.8368,0.5,0.97368,1.5,0.9
1.8412,0.5,0.98246,1.5,0.9
1.8412,0.5,0.98246,1.5,0.9
1.8412,0.5,0.98246,1.5,0.9
1.7662,0.5,0.98246,1.5,0.85
1.7662,0.5,0.98246,1.5,0.85
1.6206,0.5,0.99123,1.5,0.75
1.625,0.5,1,1.5,0.75
1.625,0.5,1,1.5,0.75
1.625,0.5,1,1.5,0.75
1.625,0.5,1,1.5,0.75
1.625,0.5,1,1.5,0.75
1.625,0.5,1,1.5,0.75
1.625,0.5,1,1.5,0.75
1.625,0.5,1,1.5,0.75
1.55,0.5,1,1.5,0.7
1.55,0.5,1,1.5,0.7
1.55,0.5,1,1.5,0.7
1.55,0.5,1,1.5,0.7
1.55,0.5,1,1.5,0.7
1.55,0.5,1,1.5,0.7
1.475,0.5,1,1.5,0.65
1.475,0.5,1,1.5,0.65
1.475,0.5,1,1.5,0.65
1.475,0.5,1,1.5,0.65
1.4,0.5,1,1.5,0.6
1.4,0.5,1,1.5,0.6
1.4,0.5,1,1.5,0.6
1.325,0.5,1,1.5,0.55
1.25,0.5,1,1.5,0.5
1.25,0.5,1,1.5,0.5
1.175,0.5,1,1.5,0.45
1.1,0.5,1,1.5,0.4
0.95,0.5,1,1.5,0.3
0.875,0.5,1,1.5,0.25
0.875,0.5,1,1.5,0.25
0.8,0.5,1,1.5,0.2
0.8,0.5,1,1.5,0.2
0.8,0.5,1,1.5,0.2
0.8,0.5,1,1.5,0.2
0.8,0.5,1,1.5,0.2
0.8,0.5,1,1.5,0.2
0.8,0.5,1,1.5,0.2
0.725,0.5,1,1.5,0.15
0.725,0.5,1,1.5,0.15
0.725,0.5,1,1.5,0.15
0.725,0.5,1,1.5,0.15
0.725,0.5,1,1.5,0.15
0.725,0.5,1,1.5,0.15
0.725,0.5,1,1.5,0.15
0.725,0.5,1,1.5,0.15
0.725,0.5,1,1.5,0.15
0.725,0.5,1,1.5,0.15
0.65,0.5,1,1.5,0.1
0.575,0.5,1,1.5,0.05
0.575,0.5,1,1.5,0.05
0.5,0.5,1,1.5,0
1.4,0.6,0,1.4,1
1.4,0.6,0,1.4,1
1.4,0.6,0,1.4,1
1.4,0.6,0,1.4,1
1.4,0.6,0,1.4,1
1.4,0.6,0,1.4,1
1.4,0.6,0,1.4,1
1.4,0.6,0,1.4,1
1.4,0.6,0,1.4,1
1.4,0.6,0,1.4,1
1.4,0.6,0,1.4,1
1.4,0.6,0,1.4,1
1.4,0.6,0,1.4,1
1.4,0.6,0,1.4,1
1.4,0.6,0,1.4,1
1.4,0.6,0,1.4,1
1.4,0.6,0,1.4,1
1.4,0.6,0,1.4,1
1.4,0.6,0,1.4,1
1.4,0.6,0,1.4,1
1.4,0.6,0,1.4,1
1.4053,0.6,0.0087719,1.4,1
1.4053,0.6,0.0087719,1.4,1
1.4421,0.6,0.070175,1.4,1
1.3984,0.6,0.11404,1.4,0.95
1.4089,0.6,0.13158,1.4,0.95
1.4563,0.6,0.21053,1.4,0.95
1.5089,0.6,0.29825,1.4,0.95
1.5563,0.6,0.37719,1.4,0.95
1.5932,0.6,0.4386,1.4,0.95
1.6458,0.6,0.52632,1.4,0.95
1.6932,0.6,0.60526,1.4,0.95
1.7195,0.6,0.64912,1.4,0.95
1.7668,0.6,0.72807,1.4,0.95
1.7232,0.6,0.77193,1.4,0.9
1.7389,0.6,0.79825,1.4,0.9
1.7653,0.6,0.84211,1.4,0.9
1.7863,0.6,0.87719,1.4,0.9
1.7968,0.6,0.89474,1.4,0.9
1.7968,0.6,0.89474,1.4,0.9
1.8232,0.6,0.9386,1.4,0.9
1.8232,0.6,0.9386,1.4,0.9
1.8389,0.6,0.96491,1.4,0.9
1.8442,0.6,0.97368,1.4,0.9
1.8442,0.6,0.97368,1.4,0.9
1.8495,0.6,0.98246,1.4,0.9
1.8495,0.6,0.98246,1.4,0.9
1.8495,0.6,0.98246,1.4,0.9
1.7795,0.6,0.98246,1.4,0.85
1.7795,0.6,0.98246,1.4,0.85
1.6447,0.6,0.99123,1.4,0.75
1.65,0.6,1,1.4,0.75
1.65,0.6,1,1.4,0.75
1.65,0.6,1,1.4,0.75
1.65,0.6,1,1.4,0.75
1.65,0.6,1,1.4,0.75
1.65,0.6,1,1.4,0.75
1.65,0.6,1,1.4,0.75
1.65,0.6,1,1.4,0.75
1.58,0.6,1,1.4,0.7
1.58,0.6,1,1.4,0.7
1.58,0.6,1,1.4,0.7
1.58,0.6,1,1.4,0.7
1.58,0.6,1,1.4,0.7
1.58,0.6,1,1.4,0.7
1.51,0.6,1,1.4,0.65
1.51,0.6,1,1.4,0.65
1.51,0.6,1,1.4,0.65
1.51,0.6,1,1.4,0.65
1.44,0.6,1,1.4,0.6
1.44,0.6,1,1.4,0.6
1.44,0.6,1,1.4,0.6
1.37,0.6,1,1.4,0.55
1.3,0.6,1,1.4,0.5
1.3,0.6,1,1.4,0.5
1.23,0.6,1,1.4,0.45
1.16,0.6,1,1.4,0.4
1.02,0.6,1,1.4,0.3
0.95,0.6,1,1.4,0.25
0.95,0.6,1,1.4,0.25
0.88,0.6,1,1.4,0.2
0.88,0.6,1,1.4,0.2
0.88,0.6,1,1.4,0.2
0.88,0.6,1,1.4,0.2
0.88,0.6,1,1.4,0.2
0.88,0.6,1,1.4,0.2
0.88,0.6,1,1.4,0.2
0.81,0.6,1,1.4,0.15
0.81,0.6,1,1.4,0.15
0.81,0.6,1,1.4,0.15
0.81,0.6,1,1.4,0.15
0.81,0.6,1,1.4,0.15
0.81,0.6,1,1.4,0.15
0.81,0.6,1,1.4,0.15
0.81,0.6,1,1.4,0.15
0.81,0.6,1,1.4,0.15
0.81,0.6,1,1.4,0.15
0.74,0.6,1,1.4,0.1
0.67,0.6,1,1.4,0.05
0.67,0.6,1,1.4,0.05
0.6,0.6,1,1.4,0
1.3,0.7,0,1.3,1
1.3,0.7,0,1.3,1
1.3,0.7,0,1.3,1
1.3,0.7,0,1.3,1
1.3,0.7,0,1.3,1
1.3,0.7,0,1.3,1
1.3,0.7,0,1.3,1
1.3,0.7,0,1.3,1
1.3,0.7,0,1.3,1
1.3,0.7,0,1.3,1
1.3,0.7,0,1.3,1
1.3,0.7,0,1.3,1
1.3,0.7,0,1.3,1
1.3,0.7,0,1.3,1
1.3,0.7,0,1.3,1
1.3,0.7,0,1.3,1
1.3,0.7,0,1.3,1
1.3,0.7,0,1.3,1
1.3,0.7,0,1.3,1
1.3,0.7,0,1.3,1
1.3,0.7,0,1.3,1
1.3061,0.7,0.0087719,1.3,1
1.3061,0.7,0.0087719,1.3,1
1.3491,0.7,0.070175,1.3,1
1.3148,0.7,0.11404,1.3,0.95
1.3271,0.7,0.13158,1.3,0.95
1.3824,0.7,0.21053,1.3,0.95
1.4438,0.7,0.29825,1.3,0.95
1.499,0.7,0.37719,1.3,0.95
1.542,0.7,0.4386,1.3,0.95
1.6034,0.7,0.52632,1.3,0.95
1.6587,0.7,0.60526,1.3,0.95
1.6894,0.7,0.64912,1.3,0.95
1.7446,0.7,0.72807,1.3,0.95
1.7104,0.7,0.77193,1.3,0.9
1.7288,0.7,0.79825,1.3,0.9
1.7595,0.7,0.84211,1.3,0.9
1.784,0.7,0.87719,1.3,0.9
1.7963,0.7,0.89474,1.3,0.9
1.7963,0.7,0.89474,1.3,0.9
1.827,0.7,0.9386,1.3,0.9
1.827,0.7,0.9386,1.3,0.9
1.8454,0.7,0.96491,1.3,0.9
1.8516,0.7,0.97368,1.3,0.9
1.8516,0.7,0.97368,1.3,0.9
1.8577,0.7,0.98246,1.3,0.9
1.8577,0.7,0.98246,1.3,0.9
1.8577,0.7,0.98246,1.3,0.9
1.7927,0.7,0.98246,1.3,0.85
1.7927,0.7,0.98246,1.3,0.85
1.6689,0.7,0.99123,1.3,0.75
1.675,0.7,1,1.3,0.75
1.675,0.7,1,1.3,0.75
1.675,0.7,1,1.3,0.75
1.675,0.7,1,1.3,0.75
1.675,0.7,1,1.3,0.75
1.675,0.7,1,1.3,0.75
1.675,0.7,1,1.3,0.75
1.675,0.7,1,1.3,0.75
1.61,0.7,1,1.3,0.7
1.61,0.7,1,1.3,0.7
1.61,0.7,1,1.3,0.7
1.61,0.7,1,1.3,0.7
1.61,0.7,1,1.3,0.7
1.61,0.7,1,1.3,0.7
1.545,0.7,1,1.3,0.65
1.545,0.7,1,1.3,0.65
1.545,0.7,1,1.3,0.65
1.545,0.7,1,1.3,0.65
1.48,0.7,1,1.3,0.6
1.48,0.7,1,1.3,0.6
1.48,0.7,1,1.3,0.6
1.415,0.7,1,1.3,0.55
1.35,0.7,1,1.3,0.5
1.35,0.7,1,1.3,0.5
1.285,0.7,1,1.3,0.45
1.22,0.7,1,1.3,0.4
1.09,0.7,1,1.3,0.3
1.025,0.7,1,1.3,0.25
1.025,0.7,1,1.3,0.25
0.96,0.7,1,1.3,0.2
0.96,0.7,1,1.3,0.2
0.96,0.7,1,1.3,0.2
0.96,0.7,1,1.3,0.2
0.96,0.7,1,1.3,0.2
0.96,0.7,1,1.3,0.2
0.96,0.7,1,1.3,0.2
0.895,0.7,1,1.3,0.15
0.895,0.7,1,1.3,0.15
0.895,0.7,1,1.3,0.15
0.895,0.7,1,1.3,0.15
0.895,0.7,1,1.3,0.15
0.895,0.7,1,1.3,0.15
0.895,0.7,1,1.3,0.15
0.895,0.7,1,1.3,0.15
0.895,0.7,1,1.3,0.15
0.895,0.7,1,1.3,0.15
0.83,0.7,1,1.3,0.1
0.765,0.7,1,1.3,0.05
0.765,0.7,1,1.3,0.05
0.7,0.7,1,1.3,0
1.2,0.8,0,1.2,1
1.2,0.8,0,1.2,1
1.2,0.8,0,1.2,1
1.2,0.8,0,1.2,1
1.2,0.8,0,1.2,1
1.2,0.8,0,1.2,1
1.2,0.8,0,1.2,1
1.2,0.8,0,1.2,1
1.2,0.8,0,1.2,1
1.2,0.8,0,1.2,1
1.2,0.8,0,1.2,1
1.2,0.8,0,1.2,1
1.2,0.8,0,1.2,1
1.2,0.8,0,1.2,1
1.2,0.8,0,1.2,1
1.2,0.8,0,1.2,1
1.2,0.8,0,1.2,1
1.2,0.8,0,1.2,1
1.2,0.8,0,1.2,1
1.2,0.8,0,1.2,1
1.2,0.8,0,1.2,1
1.207,0.8,0.0087719,1.2,1
1.207,0.8,0.0087719,1.2,1
1.2561,0.8,0.070175,1.2,1
1.2312,0.8,0.11404,1.2,0.95
1.2453,0.8,0.13158,1.2,0.95
1.3084,0.8,0.21053,1.2,0.95
1.3786,0.8,0.29825,1.2,0.95
1.4418,0.8,0.37719,1.2,0.95
1.4909,0.8,0.4386,1.2,0.95
1.5611,0.8,0.52632,1.2,0.95
1.6242,0.8,0.60526,1.2,0.95
1.6593,0.8,0.64912,1.2,0.95
1.7225,0.8,0.72807,1.2,0.95
1.6975,0.8,0.77193,1.2,0.9
1.7186,0.8,0.79825,1.2,0.9
1.7537,0.8,0.84211,1.2,0.9
1.7818,0.8,0.87719,1.2,0.9
1.7958,0.8,0.89474,1.2,0.9
1.7958,0.8,0.89474,1.2,0.9
1.8309,0.8,0.9386,1.2,0.9
1.8309,0.8,0.9386,1.2,0.9
1.8519,0.8,0.96491,1.2,0.9
1.8589,0.8,0.97368,1.2,0.9
1.8589,0.8,0.97368,1.2,0.9
1.866,0.8,0.98246,1.2,0.9
1.866,0.8,0.98246,1.2,0.9
1.866,0.8,0.98246,1.2,0.9
1.806,0.8,0.98246,1.2,0.85
1.806,0.8,0.98246,1.2,0.85
1.693,0.8,0.99123,1.2,0.75
1.7,0.8,1,1.2,0.75
1.7,0.8,1,1.2,0.75
1.7,0.8,1,1.2,0.75
1.7,0.8,1,1.2,0.75
1.7,0.8,1,1.2,0.75
1.7,0.8,1,1.2,0.75
1.7,0.8,1,1.2,0.75
1.7,0.8,1,1.2,0.75
1.64,0.8,1,1.2,0.7
1.64,0.8,1,1.2,0.7
1.64,0.8,1,1.2,0.7
1.64,0.8,1,1.2,0.7
1.64,0.8,1,1.2,0.7
1.64,0.8,1,1.2,0.7
1.58,0.8,1,1.2,0.65
1.58,0.8,1,1.2,0.65
1.58,0.8,1,1.2,0.65
1.58,0.8,1,1.2,0.65
1.52,0.8,1,1.2,0.6
1.52,0.8,1,1.2,0.6
1.52,0.8,1,1.2,0.6
1.46,0.8,1,1.2,0.55
1.4,0.8,1,1.2,0.5
1.4,0.8,1,1.2,0.5
1.34,0.8,1,1.2,0.45
1.28,0.8,1,1.2,0.4
1.16,0.8,1,1.2,0.3
1.1,0.8,1,1.2,0.25
1.1,0.8,1,1.2,0.25
1.04,0.8,1,1.2,0.2
1.04,0.8,1,1.2,0.2
1.04,0.8,1,1.2,0.2
1.04,0.8,1,1.2,0.2
1.04,0.8,1,1.2,0.2
1.04,0.8,1,1.2,0.2
1.04,0.8,1,1.2,0.2
0.98,0.8,1,1.2,0.15
0.98,0.8,1,1.2,0.15
0.98,0.8,1,1.2,0.15
0.98,0.8,1,1.2,0.15
0.98,0.8,1,1.2,0.15
0.98,0.8,1,1.2,0.15
0.98,0.8,1,1.2,0.15
0.98,0.8,1,1.2,0.15
0.98,0.8,1,1.2,0.15
0.98,0.8,1,1.2,0.15
0.92,0.8,1,1.2,0.1
0.86,0.8,1,1.2,0.05
0.86,0.8,1,1.2,0.05
0.8,0.8,1,1.2,0
1.1,0.9,0,1.1,1
1.1,0.9,0,1.1,1
1.1,0.9,0,1.1,1
1.1,0.9,0,1.1,1
1.1,0.9,0,1.1,1
1.1,0.9,0,1.1,1
1.1,0.9,0,1.1,1
1.1,0.9,0,1.1,1
1.1,0.9,0,1.1,1
1.1,0.9,0,1.1,1
1.1,0.9,0,1.1,1
1.1,0.9,0,1.1,1
1.1,0.9,0,1.1,1
1.1,0.9,0,1.1,1
1.1,0.9,0,1.1,1
1.1,0.9,0,1.1,1
1.1,0.9,0,1.1,1
1.1,0.9,0,1.1,1
1.1,0.9,0,1.1,1
1.1,0.9,0,1.1,1
1.1,0.9,0,1.1,1
1.1079,0.9,0.0087719,1.1,1
1.1079,0.9,0.0087719,1.1,1
1.1632,0.9,0.070175,1.1,1
1.1476,0.9,0.11404,1.1,0.95
1.1634,0.9,0.13158,1.1,0.95
1.2345,0.9,0.21053,1.1,0.95
1.3134,0.9,0.29825,1.1,0.95
1.3845,0.9,0.37719,1.1,0.95
1.4397,0.9,0.4386,1.1,0.95
1.5187,0.9,0.52632,1.1,0.95
1.5897,0.9,0.60526,1.1,0.95
1.6292,0.9,0.64912,1.1,0.95
1.7003,0.9,0.72807,1.1,0.95
1.6847,0.9,0.77193,1.1,0.9
1.7084,0.9,0.79825,1.1,0.9
1.7479,0.9,0.84211,1.1,0.9
1.7795,0.9,0.87719,1.1,0.9
1.7953,0.9,0.89474,1.1,0.9
1.7953,0.9,0.89474,1.1,0.9
1.8347,0.9,0.9386,1.1,0.9
1.8347,0.9,0.9386,1.1,0.9
1.8584,0.9,0.96491,1.1,0.9
1.8663,0.9,0.97368,1.1,0.9
1.8663,0.9,0.97368,1.1,0.9
1.8742,0.9,0.98246,1.1,0.9
1.8742,0.9,0.98246,1.1,0.9
1.8742,0.9,0.98246,1.1,0.9
1.8192,0.9,0.98246,1.1,0.85
1.8192,0.9,0.98246,1.1,0.85
1.7171,0.9,0.99123,1.1,0.75
1.725,0.9,1,1.1,0.75
1.725,0.9,1,1.1,0.75
1.725,0.9,1,1.1,0.75
1.725,0.9,1,1.1,0.75
1.725,0.9,1,1.1,0.75
1.725,0.9,1,1.1,0.75
1.725,0.9,1,1.1,0.75
1.725,0.9,1,1.1,0.75
1.67,0.9,1,1.1,0.7
1.67,0.9,1,1.1,0.7
1.67,0.9,1,1.1,0.7
1.67,0.9,1,1.1,0.7
1.67,0.9,1,1.1,0.7
1.67,0.9,1,1.1,0.7
1.615,0.9,1,1.1,0.65
1.615,0.9,1,1.1,0.65
1.615,0.9,1,1.1,0.65
1.615,0.9,1,1.1,0.65
1.56,0.9,1,1.1,0.6
1.56,0.9,1,1.1,0.6
1.56,0.9,1,1.1,0.6
1.505,0.9,1,1.1,0.55
1.45,0.9,1,1.1,0.5
1.45,0.9,1,1.1,0.5
1.395,0.9,1,1.1,0.45
1.34,0.9,1,1.1,0.4
1.23,0.9,1,1.1,0.3
1.175,0.9,1,1.1,0.25
1.175,0.9,1,1.1,0.25
1.12,0.9,1,1.1,0.2
1.12,0.9,1,1.1,0.2
1.12,0.9,1,1.1,0.2
1.12,0.9,1,1.1,0.2
1.12,0.9,1,1.1,0.2
1.12,0.9,1,1.1,0.2
1.12,0.9,1,1.1,0.2
1.065,0.9,1,1.1,0.15
1.065,0.9,1,1.1,0.15
1.065,0.9,1,1.1,0.15
1.065,0.9,1,1.1,0.15
1.065,0.9,1,1.1,0.15
1.065,0.9,1,1.1,0.15
1.065,0.9,1,1.1,0.15
1.065,0.9,1,1.1,0.15
1.065,0.9,1,1.1,0.15
1.065,0.9,1,1.1,0.15
1.01,0.9,1,1.1,0.1
0.955,0.9,1,1.1,0.05
0.955,0.9,1,1.1,0.05
0.9,0.9,1,1.1,0
1,1,0,1,1
1,1,0,1,1
1,1,0,1,1
1,1,0,1,1
1,1,0,1,1
1,1,0,1,1
1,1,0,1,1
1,1,0,1,1
1,1,0,1,1
1,1,0,1,1
1,1,0,1,1
1,1,0,1,1
1,1,0,1,1
1,1,0,1,1
1,1,0,1,1
1,1,0,1,1
1,1,0,1,1
1,1,0,1,1
1,1,0,1,1
1,1,0,1,1
1,1,0,1,1
1.0088,1,0.0087719,1,1
1.0088,1,0.0087719,1,1
1.0702,1,0.070175,1,1
1.064,1,0.11404,1,0.95
1.0816,1,0.13158,1,0.95
1.1605,1,0.21053,1,0.95
1.2482,1,0.29825,1,0.95
1.3272,1,0.37719,1,0.95
1.3886,1,0.4386,1,0.95
1.4763,1,0.52632,1,0.95
1.5553,1,0.60526,1,0.95
1.5991,1,0.64912,1,0.95
1.6781,1,0.72807,1,0.95
1.6719,1,0.77193,1,0.9
1.6982,1,0.79825,1,0.9
1.7421,1,0.84211,1,0.9
1.7772,1,0.87719,1,0.9
1.7947,1,0.89474,1,0.9
1.7947,1,0.89474,1,0.9
1.8386,1,0.9386,1,0.9
1.8386,1,0.9386,1,0.9
1.8649,1,0.96491,1,0.9
1.8737,1,0.97368,1,0.9
1.8737,1,0.97368,1,0.9
1.8825,1,0.98246,1,0.9
1.8825,1,0.98246,1,0.9
1.8825,1,0.98246,1,0.9
1.8325,1,0.98246,1,0.85
1.8325,1,0.98246,1,0.85
1.7412,1,0.99123,1,0.75
1.75,1,1,1,0.75
1.75,1,1,1,0.75
1.75,1,1,1,0.75
1.75,1,1,1,0.75
1.75,1,1,1,0.75
1.75,1,1,1,0.75
1.75,1,1,1,0.75
1.75,1,1,1,0.75
1.7,1,1,1,0.7
1.7,1,1,1,0.7
1.7,1,1,1,0.7
1.7,1,1,1,0.7
1.7,1,1,1,0.7
1.7,1,1,1,0.7
1.65,1,1,1,0.65
1.65,1,1,1,0.65
1.65,1,1,1,0.65
1.65,1,1,1,0.65
1.6,1,1,1,0.6
1.6,1,1,1,0.6
1.6,1,1,1,0.6
1.55,1,1,1,0.55
1.5,1,1,1,0.5
1.5,1,1,1,0.5
1.45,1,1,1,0.45
1.4,1,1,1,0.4
1.3,1,1,1,0.3
1.25,1,1,1,0.25
1.25,1,1,1,0.25
1.2,1,1,1,0.2
1.2,1,1,1,0.2
1.2,1,1,1,0.2
1.2,1,1,1,0.2
1.2,1,1,1,0.2
1.2,1,1,1,0.2
1.2,1,1,1,0.2
1.15,1,1,1,0.15
1.15,1,1,1,0.15
1.15,1,1,1,0.15
1.15,1,1,1,0.15
1.15,1,1,1,0.15
1.15,1,1,1,0.15
1.15,1,1,1,0.15
1.15,1,1,1,0.15
1.15,1,1,1,0.15
1.15,1,1,1,0.15
1.1,1,1,1,0.1
1.05,1,1,1,0.05
1.05,1,1,1,0.05
1,1,1,1,0
0.9,1.1,0,0.9,1
0.9,1.1,0,0.9,1
0.9,1.1,0,0.9,1
0.9,1.1,0,0.9,1
0.9,1.1,0,0.9,1
0.9,1.1,0,0.9,1
0.9,1.1,0,0.9,1
0.9,1.1,0,0.9,1
0.9,1.1,0,0.9,1
0.9,1.1,0,0.9,1
0.9,1.1,0,0.9,1
0.9,1.1,0,0.9,1
0.9,1.1,0,0.9,1
0.9,1.1,0,0.9,1
0.9,1.1,0,0.9,1
0.9,1.1,0,0.9,1
0.9,1.1,0,0.9,1
0.9,1.1,0,0.9,1
0.9,1.1,0,0.9,1
0.9,1.1,0,0.9,1
0.9,1.1,0,0.9,1
0.90965,1.1,0.0087719,0.9,1
0.90965,1.1,0.0087719,0.9,1
0.97719,1.1,0.070175,0.9,1
0.98044,1.1,0.11404,0.9,0.95
0.99974,1.1,0.13158,0.9,0.95
1.0866,1.1,0.21053,0.9,0.95
1.1831,1.1,0.29825,0.9,0.95
1.2699,1.1,0.37719,0.9,0.95
1.3375,1.1,0.4386,0.9,0.95
1.4339,1.1,0.52632,0.9,0.95
1.5208,1.1,0.60526,0.9,0.95
1.569,1.1,0.64912,0.9,0.95
1.6559,1.1,0.72807,0.9,0.95
1.6591,1.1,0.77193,0.9,0.9
1.6881,1.1,0.79825,0.9,0.9
1.7363,1.1,0.84211,0.9,0.9
1.7749,1.1,0.87719,0.9,0.9
1.7942,1.1,0.89474,0.9,0.9
1.7942,1.1,0.89474,0.9,0.9
1.8425,1.1,0.9386,0.9,0.9
1.8425,1.1,0.9386,0.9,0.9
1.8714,1.1,0.96491,0.9,0.9
1.8811,1.1,0.97368,0.9,0.9
1.8811,1.1,0.97368,0.9,0.9
1.8907,1.1,0.98246,0.9,0.9
1.8907,1.1,0.98246,0.9,0.9
1.8907,1.1,0.98246,0.9,0.9
1.8457,1.1,0.98246,0.9,0.85
1.8457,1.1,0.98246,0.9,0.85
1.7654,1.1,0.99123,0.9,0.75
1.775,1.1,1,0.9,0.75
1.775,1.1,1,0.9,0.75
1.775,1.1,1,0.9,0.75
1.775,1.1,1,0.9,0.75
1.775,1.1,1,0.9,0.75
1.775,1.1,1,0.9,0.75
1.775,1.1,1,0.9,0.75
1.775,1.1,1,0.9,0.75
1.73,1.1,1,0.9,0.7
1.73,1.1,1,0.9,0.7
1.73,1.1,1,0.9,0.7
1.73,1.1,1,0.9,0.7
1.73,1.1,1,0.9,0.7
1.73,1.1,1,0.9,0.7
1.685,1.1,1,0.9,0.65
1.685,1.1,1,0.9,0.65
1.685,1.1,1,0.9,0.65
1.685,1.1,1,0.9,0.65
1.64,1.1,1,0.9,0.6
1.64,1.1,1,0.9,0.6
1.64,1.1,1,0.9,0.6
1.595,1.1,1,0.9,0.55
1.55,1.1,1,0.9,0.5
1.55,1.1,1,0.9,0.5
1.505,1.1,1,0.9,0.45
1.46,1.1,1,0.9,0.4
1.37,1.1,1,0.9,0.3
1.325,1.1,1,0.9,0.25
1.325,1.1,1,0.9,0.25
1.28,1.1,1,0.9,0.2
1.28,1.1,1,0.9,0.2
1.28,1.1,1,0.9,0.2
1.28,1.1,1,0.9,0.2
1.28,1.1,1,0.9,0.2
1.28,1.1,1,0.9,0.2
1.28,1.1,1,0.9,0.2
1.235,1.1,1,0.9,0.15
1.235,1.1,1,0.9,0.15
1.235,1.1,1,0.9,0.15
1.235,1.1,1,0.9,0.15
1.235,1.1,1,0.9,0.15
1.235,1.1,1,0.9,0.15
1.235,1.1,1,0.9,0.15
1.235,1.1,1,0.9,0.15
1.235,1.1,1,0.9,0.15
1.235,1.1,1,0.9,0.15
1.19,1.1,1,0.9,0.1
1.145,1.1,1,0.9,0.05
1.145,1.1,1,0.9,0.05
1.1,1.1,1,0.9,0
0.8,1.2,0,0.8,1
0.8,1.2,0,0.8,1
0.8,1.2,0,0.8,1
0.8,1.2,0,0.8,1
0.8,1.2,0,0.8,1
0.8,1.2,0,0.8,1
0.8,1.2,0,0.8,1
0.8,1.2,0,0.8,1
0.8,1.2,0,0.8,1
0.8,1.2,0,0.8,1
0.8,1.2,0,0.8,1
0.8,1.2,0,0.8,1
0.8,1.2,0,0.8,1
0.8,1.2,0,0.8,1
0.8,1.2,0,0.8,1
0.8,1.2,0,0.8,1
0.8,1.2,0,0.8,1
0.8,1.2,0,0.8,1
0.8,1.2,0,0.8,1
0.8,1.2,0,0.8,1
0.8,1.2,0,0.8,1
0.81053,1.2,0.0087719,0.8,1
0.81053,1.2,0.0087719,0.8,1
0.88421,1.2,0.070175,0.8,1
0.89684,1.2,0.11404,0.8,0.95
0.91789,1.2,0.13158,0.8,0.95
1.0126,1.2,0.21053,0.8,0.95
1.1179,1.2,0.29825,0.8,0.95
1.2126,1.2,0.37719,0.8,0.95
1.2863,1.2,0.4386,0.8,0.95
1.3916,1.2,0.52632,0.8,0.95
1.4863,1.2,0.60526,0.8,0.95
1.5389,1.2,0.64912,0.8,0.95
1.6337,1.2,0.72807,0.8,0.95
1.6463,1.2,0.77193,0.8,0.9
1.6779,1.2,0.79825,0.8,0.9
1.7305,1.2,0.84211,0.8,0.9
1.7726,1.2,0.87719,0.8,0.9
1.7937,1.2,0.89474,0.8,0.9
1.7937,1.2,0.89474,0.8,0.9
1.8463,1.2,0.9386,0.8,0.9
1.8463,1.2,0.9386,0.8,0.9
1.8779,1.2,0.96491,0.8,0.9
1.8884,1.2,0.97368,0.8,0.9
1.8884,1.2,0.97368,0.8,0.9
1.8989,1.2,0.98246,0.8,0.9
1.8989,1.2,0.98246,0.8,0.9
1.8989,1.2,0.98246,0.8,0.9
1.8589,1.2,0.98246,0.8,0.85
1.8589,1.2,0.98246,0.8,0.85
1.7895,1.2,0.99123,0.8,0.75
1.8,1.2,1,0.8,0.75
1.8,1.2,1,0.8,0.75
1.8,1.2,1,0.8,0.75
1.8,1.2,1,0.8,0.75
1.8,1.2,1,0.8,0.75
1.8,1.2,1,0.8,0.75
1.8,1.2,1,0.8,0.75
1.8,1.2,1,0.8,0.75
1.76,1.2,1,0.8,0.7
1.76,1.2,1,0.8,0.7
1.76,1.2,1,0.8,0.7
1.76,1.2,1,0.8,0.7
1.76,1.2,1,0.8,0.7
1.76,1.2,1,0.8,0.7
1.72,1.2,1,0.8,0.65
1.72,1.2,1,0.8,0.65
1.72,1.2,1,0.8,0.65
1.72,1.2,1,0.8,0.65
1.68,1.2,1,0.8,0.6
1.68,1.2,1,0.8,0.6
1.68,1.2,1,0.8,0.6
1.64,1.2,1,0.8,0.55
1.6,1.2,1,0.8,0.5
1.6,1.2,1,0.8,0.5
1.56,1.2,1,0.8,0.45
1.52,1.2,1,0.8,0.4
1.44,1.2,1,0.8,0.3
1.4,1.2,1,0.8,0.25
1.4,1.2,1,0.8,0.25
1.36,1.2,1,0.8,0.2
1.36,1.2,1,0.8,0.2
1.36,1.2,1,0.8,0.2
1.36,1.2,1,0.8,0.2
1.36,1.2,1,0.8,0.2
1.36,1.2,1,0.8,0.2
1.36,1.2,1,0.8,0.2
1.32,1.2,1,0.8,0.15
1.32,1.2,1,0.8,0.15
1.32,1.2,1,0.8,0.15
1.32,1.2,1,0.8,0.15
1.32,1.2,1,0.8,0.15
1.32,1.2,1,0.8,0.15
1.32,1.2,1,0.8,0.15
1.32,1.2,1,0.8,0.15
1.32,1.2,1,0.8,0.15
1.32,1.2,1,0.8,0.15
1.28,1.2,1,0.8,0.1
1.24,1.2,1,0.8,0.05
1.24,1.2,1,0.8,0.05
1.2,1.2,1,0.8,0
0.7,1.3,0,0.7,1
0.7,1.3,0,0.7,1
0.7,1.3,0,0.7,1
0.7,1.3,0,0.7,1
0.7,1.3,0,0.7,1
0.7,1.3,0,0.7,1
0.7,1.3,0,0.7,1
0.7,1.3,0,0.7,1
0.7,1.3,0,0.7,1
0.7,1.3,0,0.7,1
0.7,1.3,0,0.7,1
0.7,1.3,0,0.7,1
0.7,1.3,0,0.7,1
0.7,1.3,0,0.7,1
0.7,1.3,0,0.7,1
0.7,1.3,0,0.7,1
0.7,1.3,0,0.7,1
0.7,1.3,0,0.7,1
0.7,1.3,0,0.7,1
0.7,1.3,0,0.7,1
0.7,1.3,0,0.7,1
0.7114,1.3,0.0087719,0.7,1
0.7114,1.3,0.0087719,0.7,1
0.79123,1.3,0.070175,0.7,1
0.81325,1.3,0.11404,0.7,0.95
0.83605,1.3,0.13158,0.7,0.95
0.93868,1.3,0.21053,0.7,0.95
1.0527,1.3,0.29825,0.7,0.95
1.1554,1.3,0.37719,0.7,0.95
1.2352,1.3,0.4386,0.7,0.95
1.3492,1.3,0.52632,0.7,0.95
1.4518,1.3,0.60526,0.7,0.95
1.5089,1.3,0.64912,0.7,0.95
1.6115,1.3,0.72807,0.7,0.95
1.6335,1.3,0.77193,0.7,0.9
1.6677,1.3,0.79825,0.7,0.9
1.7247,1.3,0.84211,0.7,0.9
1.7704,1.3,0.87719,0.7,0.9
1.7932,1.3,0.89474,0.7,0.9
1.7932,1.3,0.89474,0.7,0.9
1.8502,1.3,0.9386,0.7,0.9
1.8502,1.3,0.9386,0.7,0.9
1.8844,1.3,0.96491,0.7,0.9
1.8958,1.3,0.97368,0.7,0.9
1.8958,1.3,0.97368,0.7,0.9
1.9072,1.3,0.98246,0.7,0.9
1.9072,1.3,0.98246,0.7,0.9
1.9072,1.3,0.98246,0.7,0.9
1.8722,1.3,0.98246,0.7,0.85
1.8722,1.3,0.98246,0.7,0.85
1.8136,1.3,0.99123,0.7,0.75
1.825,1.3,1,0.7,0.75
1.825,1.3,1,0.7,0.75
1.825,1.3,1,0.7,0.75
1.825,1.3,1,0.7,0.75
1.825,1.3,1,0.7,0.75
1.825,1.3,1,0.7,0.75
1.825,1.3,1,0.7,0.75
1.825,1.3,1,0.7,0.75
1.79,1.3,1,0.7,0.7
1.79,1.3,1,0.7,0.7
1.79,1.3,1,0.7,0.7
1.79,1.3,1,0.7,0.7
1.79,1.3,1,0.7,0.7
1.79,1.3,1,0.7,0.7
1.755,1.3,1,0.7,0.65
1.755,1.3,1,0.7,0.65
1.755,1.3,1,0.7,0.65
1.755,1.3,1,0.7,0.65
1.72,1.3,1,0.7,0.6
1.72,1.3,1,0.7,0.6
1.72,1.3,1,0.7,0.6
1.685,1.3,1,0.7,0.55
1.65,1.3,1,0.7,0.5
1.65,1.3,1,0.7,0.5
1.615,1.3,1,0.7,0.45
1.58,1.3,1,0.7,0.4
1.51,1.3,1,0.7,0.3
1.475,1.3,1,0.7,0.25
1.475,1.3,1,0.7,0.25
1.44,1.3,1,0.7,0.2
1.44,1.3,1,0.7,0.2
1.44,1.3,1,0.7,0.2
1.44,1.3,1,0.7,0.2
1.44,1.3,1,0.7,0.2
1.44,1.3,1,0.7,0.2
1.44,1.3,1,0.7,0.2
1.405,1.3,1,0.7,0.15
1.405,1.3,1,0.7,0.15
1.405,1.3,1,0.7,0.15
1.405,1.3,1,0.7,0.15
1.405,1.3,1,0.7,0.15
1.405,1.3,1,0.7,0.15
1.405,1.3,1,0.7,0.15
1.405,1.3,1,0.7,0.15
1.405,1.3,1,0.7,0.15
1.405,1.3,1,0.7,0.15
1.37,1.3,1,0.7,0.1
1.335,1.3,1,0.7,0.05
1.335,1.3,1,0.7,0.05
1.3,1.3,1,0.7,0
0.6,1.4,0,0.6,1
0.6,1.4,0,0.6,1
0.6,1.4,0,0.6,1
0.6,1.4,0,0.6,1
0.6,1.4,0,0.6,1
0.6,1.4,0,0.6,1
0.6,1.4,0,0.6,1
0.6,1.4,0,0.6,1
0.6,1.4,0,0.6,1
0.6,1.4,0,0.6,1
0.6,1.4,0,0.6,1
0.6,1.4,0,0.6,1
0.6,1.4,0,0.6,1
0.6,1.4,0,0.6,1
0.6,1.4,0,0.6,1
0.6,1.4,0,0.6,1
0.6,1.4,0,0.6,1
0.6,1.4,0,0.6,1
0.6,1.4,0,0.6,1
0.6,1.4,0,0.6,1
0.6,1.4,0,0.6,1
0.61228,1.4,0.0087719,0.6,1
0.61228,1.4,0.0087719,0.6,1
0.69825,1.4,0.070175,0.6,1
0.72965,1.4,0.11404,0.6,0.95
0.75421,1.4,0.13158,0.6,0.95
0.86474,1.4,0.21053,0.6,0.95
0.98754,1.4,0.29825,0.6,0.95
1.0981,1.4,0.37719,0.6,0.95
1.184,1.4,0.4386,0.6,0.95
1.3068,1.4,0.52632,0.6,0.95
1.4174,1.4,0.60526,0.6,0.95
1.4788,1.4,0.64912,0.6,0.95
1.5893,1.4,0.72807,0.6,0.95
1.6207,1.4,0.77193,0.6,0.9
1.6575,1.4,0.79825,0.6,0.9
1.7189,1.4,0.84211,0.6,0.9
1.7681,1.4,0.87719,0.6,0.9
1.7926,1.4,0.89474,0.6,0.9
1.7926,1.4,0.89474,0.6,0.9
1.854,1.4,0.9386,0.6,0.9
1.854,1.4,0.9386,0.6,0.9
1.8909,1.4,0.96491,0.6,0.9
1.9032,1.4,0.97368,0.6,0.9
1.9032,1.4,0.97368,0.6,0.9
1.9154,1.4,0.98246,0.6,0.9
1.9154,1.4,0.98246,0.6,0.9
1.9154,1.4,0.98246,0.6,0.9
1.8854,1.4,0.98246,0.6,0.85
1.8854,1.4,0.98246,0.6,0.85
1.8377,1.4,0.99123,0.6,0.75
1.85,1.4,1,0.6,0.75
1.85,1.4,1,0.6,0.75
1.85,1.4,1,0.6,0.75
1.85,1.4,1,0.6,0.75
1.85,1.4,1,0.6,0.75
1.85,1.4,1,0.6,0.75
1.85,1.4,1,0.6,0.75
1.85,1.4,1,0.6,0.75
1.82,1.4,1,0.6,0.7
1.82,1.4,1,0.6,0.7
1.82,1.4,1,0.6,0.7
1.82,1.4,1,0.6,0.7
1.82,1.4,1,0.6,0.7
1.82,1.4,1,0.6,0.7
1.79,1.4,1,0.6,0.65
1.79,1.4,1,0.6,0.65
1.79,1.4,1,0.6,0.65
1.79,1.4,1,0.6,0.65
1.76,1.4,1,0.6,0.6
1.76,1.4,1,0.6,0.6
1.76,1.4,1,0.6,0.6
1.73,1.4,1,0.6,0.55
1.7,1.4,1,0.6,0.5
1.7,1.4,1,0.6,0.5
1.67,1.4,1,0.6,0.45
1.64,1.4,1,0.6,0.4
1.58,1.4,1,0.6,0.3
1.55,1.4,1,0.6,0.25
1.55,1.4,1,0.6,0.25
1.52,1.4,1,0.6,0.2
1.52,1.4,1,0.6,0.2
1.52,1.4,1,0.6,0.2
1.52,1.4,1,0.6,0.2
1.52,1.4,1,0.6,0.2
1.52,1.4,1,0.6,0.2
1.52,1.4,1,0.6,0.2
1.49,1.4,1,0.6,0.15
1.49,1.4,1,0.6,0.15
1.49,1.4,1,0.6,0.15
1.49,1.4,1,0.6,0.15
1.49,1.4,1,0.6,0.15
1.49,1.4,1,0.6,0.15
1.49,1.4,1,0.6,0.15
1.49,1.4,1,0.6,0.15
1.49,1.4,1,0.6,0.15
1.49,1.4,1,0.6,0.15
1.46,1.4,1,0.6,0.1
1.43,1.4,1,0.6,0.05
1.43,1.4,1,0.6,0.05
1.4,1.4,1,0.6,0
0.5,1.5,0,0.5,1
0.5,1.5,0,0.5,1
0.5,1.5,0,0.5,1
0.5,1.5,0,0.5,1
0.5,1.5,0,0.5,1
0.5,1.5,0,0.5,1
0.5,1.5,0,0.5,1
0.5,1.5,0,0.5,1
0.5,1.5,0,0.5,1
0.5,1.5,0,0.5,1
0.5,1.5,0,0.5,1
0.5,1.5,0,0.5,1
0.5,1.5,0,0.5,1
0.5,1.5,0,0.5,1
0.5,1.5,0,0.5,1
0.5,1.5,0,0.5,1
0.5,1.5,0,0.5,1
0.5,1.5,0,0.5,1
0.5,1.5,0,0.5,1
0.5,1.5,0,0.5,1
0.5,1.5,0,0.5,1
0.51316,1.5,0.0087719,0.5,1
0.51316,1.5,0.0087719,0.5,1
0.60526,1.5,0.070175,0.5,1
0.64605,1.5,0.11404,0.5,0.95
0.67237,1.5,0.13158,0.5,0.95
0.79079,1.5,0.21053,0.5,0.95
0.92237,1.5,0.29825,0.5,0.95
1.0408,1.5,0.37719,0.5,0.95
1.1329,1.5,0.4386,0.5,0.95
1.2645,1.5,0.52632,0.5,0.95
1.3829,1.5,0.60526,0.5,0.95
1.4487,1.5,0.64912,0.5,0.95
1.5671,1.5,0.72807,0.5,0.95
1.6079,1.5,0.77193,0.5,0.9
1.6474,1.5,0.79825,0.5,0.9
1.7132,1.5,0.84211,0.5,0.9
1.7658,1.5,0.87719,0.5,0.9
1.7921,1.5,0.89474,0.5,0.9
1.7921,1.5,0.89474,0.5,0.9
1.8579,1.5,0.9386,0.5,0.9
1.8579,1.5,0.9386,0.5,0.9
1.8974,1.5,0.96491,0.5,0.9
1.9105,1.5,0.97368,0.5,0.9
1.9105,1.5,0.97368,0.5,0.9
1.9237,1.5,0.98246,0.5,0.9
1.9237,1.5,0.98246,0.5,0.9
1.9237,1.5,0.98246,0.5,0.9
1.8987,1.5,0.98246,0.5,0.85
1.8987,1.5,0.98246,0.5,0.85
1.8618,1.5,0.99123,0.5,0.75
1.875,1.5,1,0.5,0.75
1.875,1.5,1,0.5,0.75
1.875,1.5,1,0.5,0.75
1.875,1.5,1,0.5,0.75
1.875,1.5,1,0.5,0.75
1.875,1.5,1,0.5,0.75
1.875,1.5,1,0.5,0.75
1.875,1.5,1,0.5,0.75
1.85,1.5,1,0.5,0.7
1.85,1.5,1,0.5,0.7
1.85,1.5,1,0.5,0.7
1.85,1.5,1,0.5,0.7
1.85,1.5,1,0.5,0.7
1.85,1.5,1,0.5,0.7
1.825,1.5,1,0.5,0.65
1.825,1.5,1,0.5,0.65
1.825,1.5,1,0.5,0.65
1.825,1.5,1,0.5,0.65
1.8,1.5,1,0.5,0.6
1.8,1.5,1,0.5,0.6
1.8,1.5,1,0.5,0.6
1.775,1.5,1,0.5,0.55
1.75,1.5,1,0.5,0.5
1.75,1.5,1,0.5,0.5
1.725,1.5,1,0.5,0.45
1.7,1.5,1,0.5,0.4
1.65,1.5,1,0.5,0.3
1.625,1.5,1,0.5,0.25
1.625,1.5,1,0.5,0.25
1.6,1.5,1,0.5,0.2
1.6,1.5,1,0.5,0.2
1.6,1.5,1,0.5,0.2
1.6,1.5,1,0.5,0.2
1.6,1.5,1,0.5,0.2
1.6,1.5,1,0.5,0.2
1.6,1.5,1,0.5,0.2
1.575,1.5,1,0.5,0.15
1.575,1.5,1,0.5,0.15
1.575,1.5,1,0.5,0.15
1.575,1.5,1,0.5,0.15
1.575,1.5,1,0.5,0.15
1.575,1.5,1,0.5,0.15
1.575,1.5,1,0.5,0.15
1.575,1.5,1,0.5,0.15
1.575,1.5,1,0.5,0.15
1.575,1.5,1,0.5,0.15
1.55,1.5,1,0.5,0.1
1.525,1.5,1,0.5,0.05
1.525,1.5,1,0.5,0.05
1.5,1.5,1,0.5,0
0.4,1.6,0,0.4,1
0.4,1.6,0,0.4,1
0.4,1.6,0,0.4,1
0.4,1.6,0,0.4,1
0.4,1.6,0,0.4,1
0.4,1.6,0,0.4,1
0.4,1.6,0,0.4,1
0.4,1.6,0,0.4,1
0.4,1.6,0,0.4,1
0.4,1.6,0,0.4,1
0.4,1.6,0,0.4,1
0.4,1.6,0,0.4,1
0.4,1.6,0,0.4,1
0.4,1.6,0,0.4,1
0.4,1.6,0,0.4,1
0.4,1.6,0,0.4,1
0.4,1.6,0,0.4,1
0.4,1.6,0,0.4,1
0.4,1.6,0,0.4,1
0.4,1.6,0,0.4,1
0.4,1.6,0,0.4,1
0.41404,1.6,0.0087719,0.4,1
0.41404,1.6,0.0087719,0.4,1
0.51228,1.6,0.070175,0.4,1
0.56246,1.6,0.11404,0.4,0.95
0.59053,1.6,0.13158,0.4,0.95
0.71684,1.6,0.21053,0.4,0.95
0.85719,1.6,0.29825,0.4,0.95
0.98351,1.6,0.37719,0.4,0.95
1.0818,1.6,0.4386,0.4,0.95
1.2221,1.6,0.52632,0.4,0.95
1.3484,1.6,0.60526,0.4,0.95
1.4186,1.6,0.64912,0.4,0.95
1.5449,1.6,0.72807,0.4,0.95
1.5951,1.6,0.77193,0.4,0.9
1.6372,1.6,0.79825,0.4,0.9
1.7074,1.6,0.84211,0.4,0.9
1.7635,1.6,0.87719,0.4,0.9
1.7916,1.6,0.89474,0.4,0.9
1.7916,1.6,0.89474,0.4,0.9
1.8618,1.6,0.9386,0.4,0.9
1.8618,1.6,0.9386,0.4,0.9
1.9039,1.6,0.96491,0.4,0.9
1.9179,1.6,0.97368,0.4,0.9
1.9179,1.6,0.97368,0.4,0.9
1.9319,1.6,0.98246,0.4,0.9
1.9319,1.6,0.98246,0.4,0.9
1.9319,1.6,0.98246,0.4,0.9
1.9119,1.6,0.98246,0.4,0.85
1.9119,1.6,0.98246,0.4,0.85
1.886,1.6,0.99123,0.4,0.75
1.9,1.6,1,0.4,0.75
1.9,1.6,1,0.4,0.75
1.9,1.6,1,0.4,0.75
1.9,1.6,1,0.4,0.75
1.9,1.6,1,0.4,0.75
1.9,1.6,1,0.4,0.75
1.9,1.6,1,0.4,0.75
1.9,1.6,1,0.4,0.75
1.88,1.6,1,0.4,0.7
1.88,1.6,1,0.4,0.7
1.88,1.6,1,0.4,0.7
1.88,1.6,1,0.4,0.7
1.88,1.6,1,0.4,0.7
1.88,1.6,1,0.4,0.7
1.86,1.6,1,0.4,0.65
1.86,1.6,1,0.4,0.65
1.86,1.6,1,0.4,0.65
1.86,1.6,1,0.4,0.65
1.84,1.6,1,0.4,0.6
1.84,1.6,1,0.4,0.6
1.84,1.6,1,0.4,0.6
1.82,1.6,1,0.4,0.55
1.8,1.6,1,0.4,0.5
1.8,1.6,1,0.4,0.5
1.78,1.6,1,0.4,0.45
1.76,1.6,1,0.4,0.4
1.72,1.6,1,0.4,0.3
1.7,1.6,1,0.4,0.25
1.7,1.6,1,0.4,0.25
1.68,1.6,1,0.4,0.2
1.68,1.6,1,0.4,0.2
1.68,1.6,1,0.4,0.2
1.68,1.6,1,0.4,0.2
1.68,1.6,1,0.4,0.2
1.68,1.6,1,0.4,0.2
1.68,1.6,1,0.4,0.2
1.66,1.6,1,0.4,0.15
1.66,1.6,1,0.4,0.15
1.66,1.6,1,0.4,0.15
1.66,1.6,1,0.4,0.15
1.66,1.6,1,0.4,0.15
1.66,1.6,1,0.4,0.15
1.66,1.6,1,0.4,0.15
1.66,1.6,1,0.4,0.15
1.66,1.6,1,0.4,0.15
1.66,1.6,1,0.4,0.15
1.64,1.6,1,0.4,0.1
1.62,1.6,1,0.4,0.05
1.62,1.6,1,0.4,0.05
1.6,1.6,1,0.4,0
0.3,1.7,0,0.3,1
0.3,1.7,0,0.3,1
0.3,1.7,0,0.3,1
0.3,1.7,0,0.3,1
0.3,1.7,0,0.3,1
0.3,1.7,0,0.3,1
0.3,1.7,0,0.3,1
0.3,1.7,0,0.3,1
0.3,1.7,0,0.3,1
0.3,1.7,0,0.3,1
0.3,1.7,0,0.3,1
0.3,1.7,0,0.3,1
0.3,1.7,0,0.3,1
0.3,1.7,0,0.3,1
0.3,1.7,0,0.3,1
0.3,1.7,0,0.3,1
0.3,1.7,0,0.3,1
0.3,1.7,0,0.3,1
0.3,1.7,0,0.3,1
0.3,1.7,0,0.3,1
0.3,1.7,0,0.3,1
0.31491,1.7,0.0087719,0.3,1
0.31491,1.7,0.0087719,0.3,1
0.4193,1.7,0.070175,0.3,1
0.47886,1.7,0.11404,0.3,0.95
0.50868,1.7,0.13158,0.3,0.95
0.64289,1.7,0.21053,0.3,0.95
0.79202,1.7,0.29825,0.3,0.95
0.92623,1.7,0.37719,0.3,0.95
1.0306,1.7,0.4386,0.3,0.95
1.1797,1.7,0.52632,0.3,0.95
1.3139,1.7,0.60526,0.3,0.95
1.3885,1.7,0.64912,0.3,0.95
1.5227,1.7,0.72807,0.3,0.95
1.5823,1.7,0.77193,0.3,0.9
1.627,1.7,0.79825,0.3,0.9
1.7016,1.7,0.84211,0.3,0.9
1.7612,1.7,0.87719,0.3,0.9
1.7911,1.7,0.89474,0.3,0.9
1.7911,1.7,0.89474,0.3,0.9
1.8656,1.7,0.9386,0.3,0.9
1.8656,1.7,0.9386,0.3,0.9
1.9104,1.7,0.96491,0.3,0.9
1.9253,1.7,0.97368,0.3,0.9
1.9253,1.7,0.97368,0.3,0.9
1.9402,1.7,0.98246,0.3,0.9
1.9402,1.7,0.98246,0.3,0.9
1.9402,1.7,0.98246,0.3,0.9
1.9252,1.7,0.98246,0.3,0.85
1.9252,1.7,0.98246,0.3,0.85
1.9101,1.7,0.99123,0.3,0.75
1.925,1.7,1,0.3,0.75
1.925,1.7,1,0.3,0.75
1.925,1.7,1,0.3,0.75
1.925,1.7,1,0.3,0.75
1.925,1.7,1,0.3,0.75
1.925,1.7,1,0.3,0.75
1.925,1.7,1,0.3,0.75
1.925,1.7,1,0.3,0.75
1.91,1.7,1,0.3,0.7
1.91,1.7,1,0.3,0.7
1.91,1.7,1,0.3,0.7
1.91,1.7,1,0.3,0.7
1.91,1.7,1,0.3,0.7
1.91,1.7,1,0.3,0.7
1.895,1.7,1,0.3,0.65
1.895,1.7,1,0.3,0.65
1.895,1.7,1,0.3,0.65
1.895,1.7,1,0.3,0.65
1.88,1.7,1,0.3,0.6
1.88,1.7,1,0.3,0.6
1.88,1.7,1,0.3,0.6
1.865,1.7,1,0.3,0.55
1.85,1.7,1,0.3,0.5
1.85,1.7,1,0.3,0.5
1.835,1.7,1,0.3,0.45
1.82,1.7,1,0.3,0.4
1.79,1.7,1,0.3,0.3
1.775,1.7,1,0.3,0.25
1.775,1.7,1,0.3,0.25
1.76,1.7,1,0.3,0.2
1.76,1.7,1,0.3,0.2
1.76,1.7,1,0.3,0.2
1.76,1.7,1,0.3,0.2
1.76,1.7,1,0.3,0.2
1.76,1.7,1,0.3,0.2
1.76,1.7,1,0.3,0.2
1.745,1.7,1,0.3,0.15
1.745,1.7,1,0.3,0.15
1.745,1.7,1,0.3,0.15
1.745,1.7,1,0.3,0.15
1.745,1.7,1,0.3,0.15
1.745,1.7,1,0.3,0.15
1.745,1.7,1,0.3,0.15
1.745,1.7,1,0.3,0.15
1.745,1.7,1,0.3,0.15
1.745,1.7,1,0.3,0.15
1.73,1.7,1,0.3,0.1
1.715,1.7,1,0.3,0.05
1.715,1.7,1,0.3,0.05
1.7,1.7,1,0.3,0
0.2,1.8,0,0.2,1
0.2,1.8,0,0.2,1
0.2,1.8,0,0.2,1
0.2,1.8,0,0.2,1
0.2,1.8,0,0.2,1
0.2,1.8,0,0.2,1
0.2,1.8,0,0.2,1
0.2,1.8,0,0.2,1
0.2,1.8,0,0.2,1
0.2,1.8,0,0.2,1
0.2,1.8,0,0.2,1
0.2,1.8,0,0.2,1
0.2,1.8,0,0.2,1
0.2,1.8,0,0.2,1
0.2,1.8,0,0.2,1
0.2,1.8,0,0.2,1
0.2,1.8,0,0.2,1
0.2,1.8,0,0.2,1
0.2,1.8,0,0.2,1
0.2,1.8,0,0.2,1
0.2,1.8,0,0.2,1
0.21579,1.8,0.0087719,0.2,1
0.21579,1.8,0.0087719,0.2,1
0.32632,1.8,0.070175,0.2,1
0.39526,1.8,0.11404,0.2,0.95
0.42684,1.8,0.13158,0.2,0.95
0.56895,1.8,0.21053,0.2,0.95
0.72684,1.8,0.29825,0.2,0.95
0.86895,1.8,0.37719,0.2,0.95
0.97947,1.8,0.4386,0.2,0.95
1.1374,1.8,0.52632,0.2,0.95
1.2795,1.8,0.60526,0.2,0.95
1.3584,1.8,0.64912,0.2,0.95
1.5005,1.8,0.72807,0.2,0.95
1.5695,1.8,0.77193,0.2,0.9
1.6168,1.8,0.79825,0.2,0.9
1.6958,1.8,0.84211,0.2,0.9
1.7589,1.8,0.87719,0.2,0.9
1.7905,1.8,0.89474,0.2,0.9
1.7905,1.8,0.89474,0.2,0.9
1.8695,1.8,0.9386,0.2,0.9
1.8695,1.8,0.9386,0.2,0.9
1.9168,1.8,0.96491,0.2,0.9
1.9326,1.8,0.97368,0.2,0.9
1.9326,1.8,0.97368,0.2,0.9
1.9484,1.8,0.98246,0.2,0.9
1.9484,1.8,0.98246,0.2,0.9
1.9484,1.8,0.98246,0.2,0.9
1.9384,1.8,0.98246,0.2,0.85
1.9384,1.8,0.98246,0.2,0.85
1.9342,1.8,0.99123,0.2,0.75
1.95,1.8,1,0.2,0.75
1.95,1.8,1,0.2,0.75
1.95,1.8,1,0.2,0.75
1.95,1.8,1,0.2,0.75
1.95,1.8,1,0.2,0.75
1.95,1.8,1,0.2,0.75
1.95,1.8,1,0.2,0.75
1.95,1.8,1,0.2,0.75
1.94,1.8,1,0.2,0.7
1.94,1.8,1,0.2,0.7
1.94,1.8,1,0.2,0.7
1.94,1.8,1,0.2,0.7
1.94,1.8,1,0.2,0.7
1.94,1.8,1,0.2,0.7
1.93,1.8,1,0.2,0.65
1.93,1.8,1,0.2,0.65
1.93,1.8,1,0.2,0.65
1.93,1.8,1,0.2,0.65
1.92,1.8,1,0.2,0.6
1.92,1.8,1,0.2,0.6
1.92,1.8,1,0.2,0.6
1.91,1.8,1,0.2,0.55
1.9,1.8,1,0.2,0.5
1.9,1.8,1,0.2,0.5
1.89,1.8,1,0.2,0.45
1.88,1.8,1,0.2,0.4
1.86,1.8,1,0.2,0.3
1.85,1.8,1,0.2,0.25
1.85,1.8,1,0.2,0.25
1.84,1.8,1,0.2,0.2
1.84,1.8,1,0.2,0.2
1.84,1.8,1,0.2,0.2
1.84,1.8,1,0.2,0.2
1.84,1.8,1,0.2,0.2
1.84,1.8,1,0.2,0.2
1.84,1.8,1,0.2,0.2
1.83,1.8,1,0.2,0.15
1.83,1.8,1,0.2,0.15
1.83,1.8,1,0.2,0.15
1.83,1.8,1,0.2,0.15
1.83,1.8,1,0.2,0.15
1.83,1.8,1,0.2,0.15
1.83,1.8,1,0.2,0.15
1.83,1.8,1,0.2,0.15
1.83,1.8,1,0.2,0.15
1.83,1.8,1,0.2,0.15
1.82,1.8,1,0.2,0.1
1.81,1.8,1,0.2,0.05
1.81,1.8,1,0.2,0.05
1.8,1.8,1,0.2,0
0.1,1.9,0,0.1,1
0.1,1.9,0,0.1,1
0.1,1.9,0,0.1,1
0.1,1.9,0,0.1,1
0.1,1.9,0,0.1,1
0.1,1.9,0,0.1,1
0.1,1.9,0,0.1,1
0.1,1.9,0,0.1,1
0.1,1.9,0,0.1,1
0.1,1.9,0,0.1,1
0.1,1.9,0,0.1,1
0.1,1.9,0,0.1,1
0.1,1.9,0,0.1,1
0.1,1.9,0,0.1,1
0.1,1.9,0,0.1,1
0.1,1.9,0,0.1,1
0.1,1.9,0,0.1,1
0.1,1.9,0,0.1,1
0.1,1.9,0,0.1,1
0.1,1.9,0,0.1,1
0.1,1.9,0,0.1,1
0.11667,1.9,0.0087719,0.1,1
0.11667,1.9,0.0087719,0.1,1
0.23333,1.9,0.070175,0.1,1
0.31167,1.9,0.11404,0.1,0.95
0.345,1.9,0.13158,0.1,0.95
0.495,1.9,0.21053,0.1,0.95
0.66167,1.9,0.29825,0.1,0.95
0.81167,1.9,0.37719,0.1,0.95
0.92833,1.9,0.4386,0.1,0.95
1.095,1.9,0.52632,0.1,0.95
1.245,1.9,0.60526,0.1,0.95
1.3283,1.9,0.64912,0.1,0.95
1.4783,1.9,0.72807,0.1,0.95
1.5567,1.9,0.77193,0.1,0.9
1.6067,1.9,0.79825,0.1,0.9
1.69,1.9,0.84211,0.1,0.9
1.7567,1.9,0.87719,0.1,0.9
1.79,1.9,0.89474,0.1,0.9
1.79,1.9,0.89474,0.1,0.9
1.8733,1.9,0.9386,0.1,0.9
1.8733,1.9,0.9386,0.1,0.9
1.9233,1.9,0.96491,0.1,0.9
1.94,1.9,0.97368,0.1,0.9
1.94,1.9,0.97368,0.1,0.9
1.9567,1.9,0.98246,0.1,0.9
1.9567,1.9,0.98246,0.1,0.9
1.9567,1.9,0.98246,0.1,0.9
1.9517,1.9,0.98246,0.1,0.85
1.9517,1.9,0.98246,0.1,0.85
1.9583,1.9,0.99123,0.1,0.75
1.975,1.9,1,0.1,0.75
1.975,1.9,1,0.1,0.75
1.975,1.9,1,0.1,0.75
1.975,1.9,1,0.1,0.75
1.975,1.9,1,0.1,0.75
1.975,1.9,1,0.1,0.75
1.975,1.9,1,0.1,0.75
1.975,1.9,1,0.1,0.75
1.97,1.9,1,0.1,0.7
1.97,1.9,1,0.1,0.7
1.97,1.9,1,0.1,0.7
1.97,1.9,1,0.1,0.7
1.97,1.9,1,0.1,0.7
1.97,1.9,1,0.1,0.7
1.965,1.9,1,0.1,0.65
1.965,1.9,1,0.1,0.65
1.965,1.9,1,0.1,0.65
1.965,1.9,1,0.1,0.65
1.96,1.9,1,0.1,0.6
1.96,1.9,1,0.1,0.6
1.96,1.9,1,0.1,0.6
1.955,1.9,1,0.1,0.55
1.95,1.9,1,0.1,0.5
1.95,1.9,1,0.1,0.5
1.945,1.9,1,0.1,0.45
1.94,1.9,1,0.1,0.4
1.93,1.9,1,0.1,0.3
1.925,1.9,1,0.1,0.25
1.925,1.9,1,0.1,0.25
1.92,1.9,1,0.1,0.2
1.92,1.9,1,0.1,0.2
1.92,1.9,1,0.1,0.2
1.92,1.9,1,0.1,0.2
1.92,1.9,1,0.1,0.2
1.92,1.9,1,0.1,0.2
1.92,1.9,1,0.1,0.2
1.915,1.9,1,0.1,0.15
1.915,1.9,1,0.1,0.15
1.915,1.9,1,0.1,0.15
1.915,1.9,1,0.1,0.15
1.915,1.9,1,0.1,0.15
1.915,1.9,1,0.1,0.15
1.915,1.9,1,0.1,0.15
1.915,1.9,1,0.1,0.15
1.915,1.9,1,0.1,0.15
1.915,1.9,1,0.1,0.15
1.91,1.9,1,0.1,0.1
1.905,1.9,1,0.1,0.05
1.905,1.9,1,0.1,0.05
1.9,1.9,1,0.1,0
