1.9,0.1,0,1.9,1
1.9,0.1,0,1.9,1
1.9,0.1,0,1.9,1
1.9,0.1,0,1.9,1
1.9,0.1,0,1.9,1
1.9,0.1,0,1.9,1
1.9,0.1,0,1.9,1
1.9,0.1,0,1.9,1
1.9,0.1,0,1.9,1
1.9,0.1,0,1.9,1
1.9,0.1,0,1.9,1
1.9,0.1,0,1.9,1
1.9,0.1,0,1.9,1
1.9,0.1,0,1.9,1
1.9,0.1,0,1.9,1
1.9,0.1,0,1.9,1
1.9,0.1,0,1.9,1
1.9,0.1,0,1.9,1
1.9,0.1,0,1.9,1
1.9,0.1,0,1.9,1
1.9,0.1,0,1.9,1
1.9,0.1,0,1.9,1
1.9,0.1,0,1.9,1
1.9,0.1,0,1.9,1
1.9,0.1,0,1.9,1
1.9,0.1,0,1.9,1
1.9,0.1,0,1.9,1
1.9,0.1,0,1.9,1
1.9,0.1,0,1.9,1
1.9,0.1,0,1.9,1
1.9,0.1,0,1.9,1
1.9,0.1,0,1.9,1
1.9,0.1,0,1.9,1
1.9,0.1,0,1.9,1
1.9,0.1,0,1.9,1
1.9,0.1,0,1.9,1
1.9,0.1,0,1.9,1
1.9,0.1,0,1.9,1
1.9,0.1,0,1.9,1
1.9,0.1,0,1.9,1
1.9,0.1,0,1.9,1
1.9,0.1,0,1.9,1
1.9,0.1,0,1.9,1
1.9,0.1,0,1.9,1
1.9,0.1,0,1.9,1
1.9,0.1,0,1.9,1
1.9,0.1,0,1.9,1
1.9,0.1,0,1.9,1
1.9,0.1,0,1.9,1
1.9,0.1,0,1.9,1
1.9,0.1,0,1.9,1
1.9,0.1,0,1.9,1
1.9,0.1,0,1.9,1
1.9,0.1,0,1.9,1
1.9,0.1,0,1.9,1
1.9,0.1,0,1.9,1
1.9,0.1,0,1.9,1
1.9,0.1,0,1.9,1
1.9,0.1,0,1.9,1
1.9,0.1,0,1.9,1
1.9,0.1,0,1.9,1
1.9,0.1,0,1.9,1
1.9,0.1,0,1.9,1
1.9,0.1,0,1.9,1
1.9,0.1,0,1.9,1
1.9,0.1,0,1.9,1
1.9,0.1,0,1.9,1
1.9018,0.1,0.017544,1.9,1
1.9018,0.1,0.017544,1.9,1
1.9018,0.1,0.017544,1.9,1
1.9026,0.1,0.026316,1.9,1
1.9026,0.1,0.026316,1.9,1
1.9026,0.1,0.026316,1.9,1
1.9026,0.1,0.026316,1.9,1
1.9026,0.1,0.026316,1.9,1
1.9026,0.1,0.026316,1.9,1
1.9026,0.1,0.026316,1.9,1
1.9026,0.1,0.026316,1.9,1
1.9044,0.1,0.04386,1.9,1
1.9061,0.1,0.061404,1.9,1
1.907,0.1,0.070175,1.9,1
1.9079,0.1,0.078947,1.9,1
1.9088,0.1,0.087719,1.9,1
1.9096,0.1,0.096491,1.9,1
1.914,0.1,0.14035,1.9,1
1.8243,0.1,0.19298,1.9,0.95
1.8313,0.1,0.26316,1.9,0.95
1.8454,0.1,0.40351,1.9,0.95
1.7556,0.1,0.45614,1.9,0.9
1.665,0.1,0.5,1.9,0.85
1.5779,0.1,0.57895,1.9,0.8
1.4961,0.1,0.71053,1.9,0.75
1.5039,0.1,0.78947,1.9,0.75
1.2242,0.1,0.84211,1.9,0.6
1.0456,0.1,0.95614,1.9,0.5
0.85825,0.1,0.98246,1.9,0.4
0.575,0.1,1,1.9,0.25
0.575,0.1,1,1.9,0.25
0.385,0.1,1,1.9,0.15
0.1,0.1,1,1.9,0
0.1,0.1,1,1.9,0
1.8,0.2,0,1.8,1
1.8,0.2,0,1.8,1
1.8,0.2,0,1.8,1
1.8,0.2,0,1.8,1
1.8,0.2,0,1.8,1
1.8,0.2,0,1.8,1
1.8,0.2,0,1.8,1
1.8,0.2,0,1.8,1
1.8,0.2,0,1.8,1
1.8,0.2,0,1.8,1
1.8,0.2,0,1.8,1
1.8,0.2,0,1.8,1
1.8,0.2,0,1.8,1
1.8,0.2,0,1.8,1
1.8,0.2,0,1.8,1
1.8,0.2,0,1.8,1
1.8,0.2,0,1.8,1
1.8,0.2,0,1.8,1
1.8,0.2,0,1.8,1
1.8,0.2,0,1.8,1
1.8,0.2,0,1.8,1
1.8,0.2,0,1.8,1
1.8,0.2,0,1.8,1
1.8,0.2,0,1.8,1
1.8,0.2,0,1.8,1
1.8,0.2,0,1.8,1
1.8,0.2,0,1.8,1
1.8,0.2,0,1.8,1
1.8,0.2,0,1.8,1
1.8,0.2,0,1.8,1
1.8,0.2,0,1.8,1
1.8,0.2,0,1.8,1
1.8,0.2,0,1.8,1
1.8,0.2,0,1.8,1
1.8,0.2,0,1.8,1
1.8,0.2,0,1.8,1
1.8,0.2,0,1.8,1
1.8,0.2,0,1.8,1
1.8,0.2,0,1.8,1
1.8,0.2,0,1.8,1
1.8,0.2,0,1.8,1
1.8,0.2,0,1.8,1
1.8,0.2,0,1.8,1
1.8,0.2,0,1.8,1
1.8,0.2,0,1.8,1
1.8,0.2,0,1.8,1
1.8,0.2,0,1.8,1
1.8,0.2,0,1.8,1
1.8,0.2,0,1.8,1
1.8,0.2,0,1.8,1
1.8,0.2,0,1.8,1
1.8,0.2,0,1.8,1
1.8,0.2,0,1.8,1
1.8,0.2,0,1.8,1
1.8,0.2,0,1.8,1
1.8,0.2,0,1.8,1
1.8,0.2,0,1.8,1
1.8,0.2,0,1.8,1
1.8,0.2,0,1.8,1
1.8,0.2,0,1.8,1
1.8,0.2,0,1.8,1
1.8,0.2,0,1.8,1
1.8,0.2,0,1.8,1
1.8,0.2,0,1.8,1
1.8,0.2,0,1.8,1
1.8,0.2,0,1.8,1
1.8,0.2,0,1.8,1
1.8035,0.2,0.017544,1.8,1
1.8035,0.2,0.017544,1.8,1
1.8035,0.2,0.017544,1.8,1
1.8053,0.2,0.026316,1.8,1
1.8053,0.2,0.026316,1.8,1
1.8053,0.2,0.026316,1.8,1
1.8053,0.2,0.026316,1.8,1
1.8053,0.2,0.026316,1.8,1
1.8053,0.2,0.026316,1.8,1
1.8053,0.2,0.026316,1.8,1
1.8053,0.2,0.026316,1.8,1
1.8088,0.2,0.04386,1.8,1
1.8123,0.2,0.061404,1.8,1
1.814,0.2,0.070175,1.8,1
1.8158,0.2,0.078947,1.8,1
1.8175,0.2,0.087719,1.8,1
1.8193,0.2,0.096491,1.8,1
1.8281,0.2,0.14035,1.8,1
1.7486,0.2,0.19298,1.8,0.95
1.7626,0.2,0.26316,1.8,0.95
1.7907,0.2,0.40351,1.8,0.95
1.7112,0.2,0.45614,1.8,0.9
1.63,0.2,0.5,1.8,0.85
1.5558,0.2,0.57895,1.8,0.8
1.4921,0.2,0.71053,1.8,0.75
1.5079,0.2,0.78947,1.8,0.75
1.2484,0.2,0.84211,1.8,0.6
1.0912,0.2,0.95614,1.8,0.5
0.91649,0.2,0.98246,1.8,0.4
0.65,0.2,1,1.8,0.25
0.65,0.2,1,1.8,0.25
0.47,0.2,1,1.8,0.15
0.2,0.2,1,1.8,0
0.2,0.2,1,1.8,0
1.7,0.3,0,1.7,1
1.7,0.3,0,1.7,1
1.7,0.3,0,1.7,1
1.7,0.3,0,1.7,1
1.7,0.3,0,1.7,1
1.7,0.3,0,1.7,1
1.7,0.3,0,1.7,1
1.7,0.3,0,1.7,1
1.7,0.3,0,1.7,1
1.7,0.3,0,1.7,1
1.7,0.3,0,1.7,1
1.7,0.3,0,1.7,1
1.7,0.3,0,1.7,1
1.7,0.3,0,1.7,1
1.7,0.3,0,1.7,1
1.7,0.3,0,1.7,1
1.7,0.3,0,1.7,1
1.7,0.3,0,1.7,1
1.7,0.3,0,1.7,1
1.7,0.3,0,1.7,1
1.7,0.3,0,1.7,1
1.7,0.3,0,1.7,1
1.7,0.3,0,1.7,1
1.7,0.3,0,1.7,1
1.7,0.3,0,1.7,1
1.7,0.3,0,1.7,1
1.7,0.3,0,1.7,1
1.7,0.3,0,1.7,1
1.7,0.3,0,1.7,1
1.7,0.3,0,1.7,1
1.7,0.3,0,1.7,1
1.7,0.3,0,1.7,1
1.7,0.3,0,1.7,1
1.7,0.3,0,1.7,1
1.7,0.3,0,1.7,1
1.7,0.3,0,1.7,1
1.7,0.3,0,1.7,1
1.7,0.3,0,1.7,1
1.7,0.3,0,1.7,1
1.7,0.3,0,1.7,1
1.7,0.3,0,1.7,1
1.7,0.3,0,1.7,1
1.7,0.3,0,1.7,1
1.7,0.3,0,1.7,1
1.7,0.3,0,1.7,1
1.7,0.3,0,1.7,1
1.7,0.3,0,1.7,1
1.7,0.3,0,1.7,1
1.7,0.3,0,1.7,1
1.7,0.3,0,1.7,1
1.7,0.3,0,1.7,1
1.7,0.3,0,1.7,1
1.7,0.3,0,1.7,1
1.7,0.3,0,1.7,1
1.7,0.3,0,1.7,1
1.7,0.3,0,1.7,1
1.7,0.3,0,1.7,1
1.7,0.3,0,1.7,1
1.7,0.3,0,1.7,1
1.7,0.3,0,1.7,1
1.7,0.3,0,1.7,1
1.7,0.3,0,1.7,1
1.7,0.3,0,1.7,1
1.7,0.3,0,1.7,1
1.7,0.3,0,1.7,1
1.7,0.3,0,1.7,1
1.7,0.3,0,1.7,1
1.7053,0.3,0.017544,1.7,1
1.7053,0.3,0.017544,1.7,1
1.7053,0.3,0.017544,1.7,1
1.7079,0.3,0.026316,1.7,1
1.7079,0.3,0.026316,1.7,1
1.7079,0.3,0.026316,1.7,1
1.7079,0.3,0.026316,1.7,1
1.7079,0.3,0.026316,1.7,1
1.7079,0.3,0.026316,1.7,1
1.7079,0.3,0.026316,1.7,1
1.7079,0.3,0.026316,1.7,1
1.7132,0.3,0.04386,1.7,1
1.7184,0.3,0.061404,1.7,1
1.7211,0.3,0.070175,1.7,1
1.7237,0.3,0.078947,1.7,1
1.7263,0.3,0.087719,1.7,1
1.7289,0.3,0.096491,1.7,1
1.7421,0.3,0.14035,1.7,1
1.6729,0.3,0.19298,1.7,0.95
1.6939,0.3,0.26316,1.7,0.95
1.7361,0.3,0.40351,1.7,0.95
1.6668,0.3,0.45614,1.7,0.9
1.595,0.3,0.5,1.7,0.85
1.5337,0.3,0.57895,1.7,0.8
1.4882,0.3,0.71053,1.7,0.75
1.5118,0.3,0.78947,1.7,0.75
1.2726,0.3,0.84211,1.7,0.6
1.1368,0.3,0.95614,1.7,0.5
0.97474,0.3,0.98246,1.7,0.4
0.725,0.3,1,1.7,0.25
0.725,0.3,1,1.7,0.25
0.555,0.3,1,1.7,0.15
0.3,0.3,1,1.7,0
0.3,0.3,1,1.7,0
1.6,0.4,0,1.6,1
1.6,0.4,0,1.6,1
1.6,0.4,0,1.6,1
1.6,0.4,0,1.6,1
1.6,0.4,0,1.6,1
1.6,0.4,0,1.6,1
1.6,0.4,0,1.6,1
1.6,0.4,0,1.6,1
1.6,0.4,0,1.6,1
1.6,0.4,0,1.6,1
1.6,0.4,0,1.6,1
1.6,0.4,0,1.6,1
1.6,0.4,0,1.6,1
1.6,0.4,0,1.6,1
1.6,0.4,0,1.6,1
1.6,0.4,0,1.6,1
1.6,0.4,0,1.6,1
1.6,0.4,0,1.6,1
1.6,0.4,0,1.6,1
1.6,0.4,0,1.6,1
1.6,0.4,0,1.6,1
1.6,0.4,0,1.6,1
1.6,0.4,0,1.6,1
1.6,0.4,0,1.6,1
1.6,0.4,0,1.6,1
1.6,0.4,0,1.6,1
1.6,0.4,0,1.6,1
1.6,0.4,0,1.6,1
1.6,0.4,0,1.6,1
1.6,0.4,0,1.6,1
1.6,0.4,0,1.6,1
1.6,0.4,0,1.6,1
1.6,0.4,0,1.6,1
1.6,0.4,0,1.6,1
1.6,0.4,0,1.6,1
1.6,0.4,0,1.6,1
1.6,0.4,0,1.6,1
1.6,0.4,0,1.6,1
1.6,0.4,0,1.6,1
1.6,0.4,0,1.6,1
1.6,0.4,0,1.6,1
1.6,0.4,0,1.6,1
1.6,0.4,0,1.6,1
1.6,0.4,0,1.6,1
1.6,0.4,0,1.6,1
1.6,0.4,0,1.6,1
1.6,0.4,0,1.6,1
1.6,0.4,0,1.6,1
1.6,0.4,0,1.6,1
1.6,0.4,0,1.6,1
1.6,0.4,0,1.6,1
1.6,0.4,0,1.6,1
1.6,0.4,0,1.6,1
1.6,0.4,0,1.6,1
1.6,0.4,0,1.6,1
1.6,0.4,0,1.6,1
1.6,0.4,0,1.6,1
1.6,0.4,0,1.6,1
1.6,0.4,0,1.6,1
1.6,0.4,0,1.6,1
1.6,0.4,0,1.6,1
1.6,0.4,0,1.6,1
1.6,0.4,0,1.6,1
1.6,0.4,0,1.6,1
1.6,0.4,0,1.6,1
1.6,0.4,0,1.6,1
1.6,0.4,0,1.6,1
1.607,0.4,0.017544,1.6,1
1.607,0.4,0.017544,1.6,1
1.607,0.4,0.017544,1.6,1
1.6105,0.4,0.026316,1.6,1
1.6105,0.4,0.026316,1.6,1
1.6105,0.4,0.026316,1.6,1
1.6105,0.4,0.026316,1.6,1
1.6105,0.4,0.026316,1.6,1
1.6105,0.4,0.026316,1.6,1
1.6105,0.4,0.026316,1.6,1
1.6105,0.4,0.026316,1.6,1
1.6175,0.4,0.04386,1.6,1
1.6246,0.4,0.061404,1.6,1
1.6281,0.4,0.070175,1.6,1
1.6316,0.4,0.078947,1.6,1
1.6351,0.4,0.087719,1.6,1
1.6386,0.4,0.096491,1.6,1
1.6561,0.4,0.14035,1.6,1
1.5972,0.4,0.19298,1.6,0.95
1.6253,0.4,0.26316,1.6,0.95
1.6814,0.4,0.40351,1.6,0.95
1.6225,0.4,0.45614,1.6,0.9
1.56,0.4,0.5,1.6,0.85
1.5116,0.4,0.57895,1.6,0.8
1.4842,0.4,0.71053,1.6,0.75
1.5158,0.4,0.78947,1.6,0.75
1.2968,0.4,0.84211,1.6,0.6
1.1825,0.4,0.95614,1.6,0.5
1.033,0.4,0.98246,1.6,0.4
0.8,0.4,1,1.6,0.25
0.8,0.4,1,1.6,0.25
0.64,0.4,1,1.6,0.15
0.4,0.4,1,1.6,0
0.4,0.4,1,1.6,0
1.5,0.5,0,1.5,1
1.5,0.5,0,1.5,1
1.5,0.5,0,1.5,1
1.5,0.5,0,1.5,1
1.5,0.5,0,1.5,1
1.5,0.5,0,1.5,1
1.5,0.5,0,1.5,1
1.5,0.5,0,1.5,1
1.5,0.5,0,1.5,1
1.5,0.5,0,1.5,1
1.5,0.5,0,1.5,1
1.5,0.5,0,1.5,1
1.5,0.5,0,1.5,1
1.5,0.5,0,1.5,1
1.5,0.5,0,1.5,1
1.5,0.5,0,1.5,1
1.5,0.5,0,1.5,1
1.5,0.5,0,1.5,1
1.5,0.5,0,1.5,1
1.5,0.5,0,1.5,1
1.5,0.5,0,1.5,1
1.5,0.5,0,1.5,1
1.5,0.5,0,1.5,1
1.5,0.5,0,1.5,1
1.5,0.5,0,1.5,1
1.5,0.5,0,1.5,1
1.5,0.5,0,1.5,1
1.5,0.5,0,1.5,1
1.5,0.5,0,1.5,1
1.5,0.5,0,1.5,1
1.5,0.5,0,1.5,1
1.5,0.5,0,1.5,1
1.5,0.5,0,1.5,1
1.5,0.5,0,1.5,1
1.5,0.5,0,1.5,1
1.5,0.5,0,1.5,1
1.5,0.5,0,1.5,1
1.5,0.5,0,1.5,1
1.5,0.5,0,1.5,1
1.5,0.5,0,1.5,1
1.5,0.5,0,1.5,1
1.5,0.5,0,1.5,1
1.5,0.5,0,1.5,1
1.5,0.5,0,1.5,1
1.5,0.5,0,1.5,1
1.5,0.5,0,1.5,1
1.5,0.5,0,1.5,1
1.5,0.5,0,1.5,1
1.5,0.5,0,1.5,1
1.5,0.5,0,1.5,1
1.5,0.5,0,1.5,1
1.5,0.5,0,1.5,1
1.5,0.5,0,1.5,1
1.5,0.5,0,1.5,1
1.5,0.5,0,1.5,1
1.5,0.5,0,1.5,1
1.5,0.5,0,1.5,1
1.5,0.5,0,1.5,1
1.5,0.5,0,1.5,1
1.5,0.5,0,1.5,1
1.5,0.5,0,1.5,1
1.5,0.5,0,1.5,1
1.5,0.5,0,1.5,1
1.5,0.5,0,1.5,1
1.5,0.5,0,1.5,1
1.5,0.5,0,1.5,1
1.5,0.5,0,1.5,1
1.5088,0.5,0.017544,1.5,1
1.5088,0.5,0.017544,1.5,1
1.5088,0.5,0.017544,1.5,1
1.5132,0.5,0.026316,1.5,1
1.5132,0.5,0.026316,1.5,1
1.5132,0.5,0.026316,1.5,1
1.5132,0.5,0.026316,1.5,1
1.5132,0.5,0.026316,1.5,1
1.5132,0.5,0.026316,1.5,1
1.5132,0.5,0.026316,1.5,1
1.5132,0.5,0.026316,1.5,1
1.5219,0.5,0.04386,1.5,1
1.5307,0.5,0.061404,1.5,1
1.5351,0.5,0.070175,1.5,1
1.5395,0.5,0.078947,1.5,1
1.5439,0.5,0.087719,1.5,1
1.5482,0.5,0.096491,1.5,1
1.5702,0.5,0.14035,1.5,1
1.5215,0.5,0.19298,1.5,0.95
1.5566,0.5,0.26316,1.5,0.95
1.6268,0.5,0.40351,1.5,0.95
1.5781,0.5,0.45614,1.5,0.9
1.525,0.5,0.5,1.5,0.85
1.4895,0.5,0.57895,1.5,0.8
1.4803,0.5,0.71053,1.5,0.75
1.5197,0.5,0.78947,1.5,0.75
1.3211,0.5,0.84211,1.5,0.6
1.2281,0.5,0.95614,1.5,0.5
1.0912,0.5,0.98246,1.5,0.4
0.875,0.5,1,1.5,0.25
0.875,0.5,1,1.5,0.25
0.725,0.5,1,1.5,0.15
0.5,0.5,1,1.5,0
0.5,0.5,1,1.5,0
1.4,0.6,0,1.4,1
1.4,0.6,0,1.4,1
1.4,0.6,0,1.4,1
1.4,0.6,0,1.4,1
1.4,0.6,0,1.4,1
1.4,0.6,0,1.4,1
1.4,0.6,0,1.4,1
1.4,0.6,0,1.4,1
1.4,0.6,0,1.4,1
1.4,0.6,0,1.4,1
1.4,0.6,0,1.4,1
1.4,0.6,0,1.4,1
1.4,0.6,0,1.4,1
1.4,0.6,0,1.4,1
1.4,0.6,0,1.4,1
1.4,0.6,0,1.4,1
1.4,0.6,0,1.4,1
1.4,0.6,0,1.4,1
1.4,0.6,0,1.4,1
1.4,0.6,0,1.4,1
1.4,0.6,0,1.4,1
1.4,0.6,0,1.4,1
1.4,0.6,0,1.4,1
1.4,0.6,0,1.4,1
1.4,0.6,0,1.4,1
1.4,0.6,0,1.4,1
1.4,0.6,0,1.4,1
1.4,0.6,0,1.4,1
1.4,0.6,0,1.4,1
1.4,0.6,0,1.4,1
1.4,0.6,0,1.4,1
1.4,0.6,0,1.4,1
1.4,0.6,0,1.4,1
1.4,0.6,0,1.4,1
1.4,0.6,0,1.4,1
1.4,0.6,0,1.4,1
1.4,0.6,0,1.4,1
1.4,0.6,0,1.4,1
1.4,0.6,0,1.4,1
1.4,0.6,0,1.4,1
1.4,0.6,0,1.4,1
1.4,0.6,0,1.4,1
1.4,0.6,0,1.4,1
1.4,0.6,0,1.4,1
1.4,0.6,0,1.4,1
1.4,0.6,0,1.4,1
1.4,0.6,0,1.4,1
1.4,0.6,0,1.4,1
1.4,0.6,0,1.4,1
1.4,0.6,0,1.4,1
1.4,0.6,0,1.4,1
1.4,0.6,0,1.4,1
1.4,0.6,0,1.4,1
1.4,0.6,0,1.4,1
1.4,0.6,0,1.4,1
1.4,0.6,0,1.4,1
1.4,0.6,0,1.4,1
1.4,0.6,0,1.4,1
1.4,0.6,0,1.4,1
1.4,0.6,0,1.4,1
1.4,0.6,0,1.4,1
1.4,0.6,0,1.4,1
1.4,0.6,0,1.4,1
1.4,0.6,0,1.4,1
1.4,0.6,0,1.4,1
1.4,0.6,0,1.4,1
1.4,0.6,0,1.4,1
1.4105,0.6,0.017544,1.4,1
1.4105,0.6,0.017544,1.4,1
1.4105,0.6,0.017544,1.4,1
1.4158,0.6,0.026316,1.4,1
1.4158,0.6,0.026316,1.4,1
1.4158,0.6,0.026316,1.4,1
1.4158,0.6,0.026316,1.4,1
1.4158,0.6,0.026316,1.4,1
1.4158,0.6,0.026316,1.4,1
1.4158,0.6,0.026316,1.4,1
1.4158,0.6,0.026316,1.4,1
1.4263,0.6,0.04386,1.4,1
1.4368,0.6,0.061404,1.4,1
1.4421,0.6,0.070175,1.4,1
1.4474,0.6,0.078947,1.4,1
1.4526,0.6,0.087719,1.4,1
1.4579,0.6,0.096491,1.4,1
1.4842,0.6,0.14035,1.4,1
1.4458,0.6,0.19298,1.4,0.95
1.4879,0.6,0.26316,1.4,0.95
1.5721,0.6,0.40351,1.4,0.95
1.5337,0.6,0.45614,1.4,0.9
1.49,0.6,0.5,1.4,0.85
1.4674,0.6,0.57895,1.4,0.8
1.4763,0.6,0.71053,1.4,0.75
1.5237,0.6,0.78947,1.4,0.75
1.3453,0.6,0.84211,1.4,0.6
1.2737,0.6,0.95614,1.4,0.5
1.1495,0.6,0.98246,1.4,0.4
0.95,0.6,1,1.4,0.25
0.95,0.6,1,1.4,0.25
0.81,0.6,1,1.4,0.15
0.6,0.6,1,1.4,0
0.6,0.6,1,1.4,0
1.3,0.7,0,1.3,1
1.3,0.7,0,1.3,1
1.3,0.7,0,1.3,1
1.3,0.7,0,1.3,1
1.3,0.7,0,1.3,1
1.3,0.7,0,1.3,1
1.3,0.7,0,1.3,1
1.3,0.7,0,1.3,1
1.3,0.7,0,1.3,1
1.3,0.7,0,1.3,1
1.3,0.7,0,1.3,1
1.3,0.7,0,1.3,1
1.3,0.7,0,1.3,1
1.3,0.7,0,1.3,1
1.3,0.7,0,1.3,1
1.3,0.7,0,1.3,1
1.3,0.7,0,1.3,1
1.3,0.7,0,1.3,1
1.3,0.7,0,1.3,1
1.3,0.7,0,1.3,1
1.3,0.7,0,1.3,1
1.3,0.7,0,1.3,1
1.3,0.7,0,1.3,1
1.3,0.7,0,1.3,1
1.3,0.7,0,1.3,1
1.3,0.7,0,1.3,1
1.3,0.7,0,1.3,1
1.3,0.7,0,1.3,1
1.3,0.7,0,1.3,1
1.3,0.7,0,1.3,1
1.3,0.7,0,1.3,1
1.3,0.7,0,1.3,1
1.3,0.7,0,1.3,1
1.3,0.7,0,1.3,1
1.3,0.7,0,1.3,1
1.3,0.7,0,1.3,1
1.3,0.7,0,1.3,1
1.3,0.7,0,1.3,1
1.3,0.7,0,1.3,1
1.3,0.7,0,1.3,1
1.3,0.7,0,1.3,1
1.3,0.7,0,1.3,1
1.3,0.7,0,1.3,1
1.3,0.7,0,1.3,1
1.3,0.7,0,1.3,1
1.3,0.7,0,1.3,1
1.3,0.7,0,1.3,1
1.3,0.7,0,1.3,1
1.3,0.7,0,1.3,1
1.3,0.7,0,1.3,1
1.3,0.7,0,1.3,1
1.3,0.7,0,1.3,1
1.3,0.7,0,1.3,1
1.3,0.7,0,1.3,1
1.3,0.7,0,1.3,1
1.3,0.7,0,1.3,1
1.3,0.7,0,1.3,1
1.3,0.7,0,1.3,1
1.3,0.7,0,1.3,1
1.3,0.7,0,1.3,1
1.3,0.7,0,1.3,1
1.3,0.7,0,1.3,1
1.3,0.7,0,1.3,1
1.3,0.7,0,1.3,1
1.3,0.7,0,1.3,1
1.3,0.7,0,1.3,1
1.3,0.7,0,1.3,1
1.3123,0.7,0.017544,1.3,1
1.3123,0.7,0.017544,1.3,1
1.3123,0.7,0.017544,1.3,1
1.3184,0.7,0.026316,1.3,1
1.3184,0.7,0.026316,1.3,1
1.3184,0.7,0.026316,1.3,1
1.3184,0.7,0.026316,1.3,1
1.3184,0.7,0.026316,1.3,1
1.3184,0.7,0.026316,1.3,1
1.3184,0.7,0.026316,1.3,1
1.3184,0.7,0.026316,1.3,1
1.3307,0.7,0.04386,1.3,1
1.343,0.7,0.061404,1.3,1
1.3491,0.7,0.070175,1.3,1
1.3553,0.7,0.078947,1.3,1
1.3614,0.7,0.087719,1.3,1
1.3675,0.7,0.096491,1.3,1
1.3982,0.7,0.14035,1.3,1
1.3701,0.7,0.19298,1.3,0.95
1.4192,0.7,0.26316,1.3,0.95
1.5175,0.7,0.40351,1.3,0.95
1.4893,0.7,0.45614,1.3,0.9
1.455,0.7,0.5,1.3,0.85
1.4453,0.7,0.57895,1.3,0.8
1.4724,0.7,0.71053,1.3,0.75
1.5276,0.7,0.78947,1.3,0.75
1.3695,0.7,0.84211,1.3,0.6
1.3193,0.7,0.95614,1.3,0.5
1.2077,0.7,0.98246,1.3,0.4
1.025,0.7,1,1.3,0.25
1.025,0.7,1,1.3,0.25
0.895,0.7,1,1.3,0.15
0.7,0.7,1,1.3,0
0.7,0.7,1,1.3,0
1.2,0.8,0,1.2,1
1.2,0.8,0,1.2,1
1.2,0.8,0,1.2,1
1.2,0.8,0,1.2,1
1.2,0.8,0,1.2,1
1.2,0.8,0,1.2,1
1.2,0.8,0,1.2,1
1.2,0.8,0,1.2,1
1.2,0.8,0,1.2,1
1.2,0.8,0,1.2,1
1.2,0.8,0,1.2,1
1.2,0.8,0,1.2,1
1.2,0.8,0,1.2,1
1.2,0.8,0,1.2,1
1.2,0.8,0,1.2,1
1.2,0.8,0,1.2,1
1.2,0.8,0,1.2,1
1.2,0.8,0,1.2,1
1.2,0.8,0,1.2,1
1.2,0.8,0,1.2,1
1.2,0.8,0,1.2,1
1.2,0.8,0,1.2,1
1.2,0.8,0,1.2,1
1.2,0.8,0,1.2,1
1.2,0.8,0,1.2,1
1.2,0.8,0,1.2,1
1.2,0.8,0,1.2,1
1.2,0.8,0,1.2,1
1.2,0.8,0,1.2,1
1.2,0.8,0,1.2,1
1.2,0.8,0,1.2,1
1.2,0.8,0,1.2,1
1.2,0.8,0,1.2,1
1.2,0.8,0,1.2,1
1.2,0.8,0,1.2,1
1.2,0.8,0,1.2,1
1.2,0.8,0,1.2,1
1.2,0.8,0,1.2,1
1.2,0.8,0,1.2,1
1.2,0.8,0,1.2,1
1.2,0.8,0,1.2,1
1.2,0.8,0,1.2,1
1.2,0.8,0,1.2,1
1.2,0.8,0,1.2,1
1.2,0.8,0,1.2,1
1.2,0.8,0,1.2,1
1.2,0.8,0,1.2,1
1.2,0.8,0,1.2,1
1.2,0.8,0,1.2,1
1.2,0.8,0,1.2,1
1.2,0.8,0,1.2,1
1.2,0.8,0,1.2,1
1.2,0.8,0,1.2,1
1.2,0.8,0,1.2,1
1.2,0.8,0,1.2,1
1.2,0.8,0,1.2,1
1.2,0.8,0,1.2,1
1.2,0.8,0,1.2,1
1.2,0.8,0,1.2,1
1.2,0.8,0,1.2,1
1.2,0.8,0,1.2,1
1.2,0.8,0,1.2,1
1.2,0.8,0,1.2,1
1.2,0.8,0,1.2,1
1.2,0.8,0,1.2,1
1.2,0.8,0,1.2,1
1.2,0.8,0,1.2,1
1.214,0.8,0.017544,1.2,1
1.214,0.8,0.017544,1.2,1
1.214,0.8,0.017544,1.2,1
1.2211,0.8,0.026316,1.2,1
1.2211,0.8,0.026316,1.2,1
1.2211,0.8,0.026316,1.2,1
1.2211,0.8,0.026316,1.2,1
1.2211,0.8,0.026316,1.2,1
1.2211,0.8,0.026316,1.2,1
1.2211,0.8,0.026316,1.2,1
1.2211,0.8,0.026316,1.2,1
1.2351,0.8,0.04386,1.2,1
1.2491,0.8,0.061404,1.2,1
1.2561,0.8,0.070175,1.2,1
1.2632,0.8,0.078947,1.2,1
1.2702,0.8,0.087719,1.2,1
1.2772,0.8,0.096491,1.2,1
1.3123,0.8,0.14035,1.2,1
1.2944,0.8,0.19298,1.2,0.95
1.3505,0.8,0.26316,1.2,0.95
1.4628,0.8,0.40351,1.2,0.95
1.4449,0.8,0.45614,1.2,0.9
1.42,0.8,0.5,1.2,0.85
1.4232,0.8,0.57895,1.2,0.8
1.4684,0.8,0.71053,1.2,0.75
1.5316,0.8,0.78947,1.2,0.75
1.3937,0.8,0.84211,1.2,0.6
1.3649,0.8,0.95614,1.2,0.5
1.266,0.8,0.98246,1.2,0.4
1.1,0.8,1,1.2,0.25
1.1,0.8,1,1.2,0.25
0.98,0.8,1,1.2,0.15
0.8,0.8,1,1.2,0
0.8,0.8,1,1.2,0
1.1,0.9,0,1.1,1
1.1,0.9,0,1.1,1
1.1,0.9,0,1.1,1
1.1,0.9,0,1.1,1
1.1,0.9,0,1.1,1
1.1,0.9,0,1.1,1
1.1,0.9,0,1.1,1
1.1,0.9,0,1.1,1
1.1,0.9,0,1.1,1
1.1,0.9,0,1.1,1
1.1,0.9,0,1.1,1
1.1,0.9,0,1.1,1
1.1,0.9,0,1.1,1
1.1,0.9,0,1.1,1
1.1,0.9,0,1.1,1
1.1,0.9,0,1.1,1
1.1,0.9,0,1.1,1
1.1,0.9,0,1.1,1
1.1,0.9,0,1.1,1
1.1,0.9,0,1.1,1
1.1,0.9,0,1.1,1
1.1,0.9,0,1.1,1
1.1,0.9,0,1.1,1
1.1,0.9,0,1.1,1
1.1,0.9,0,1.1,1
1.1,0.9,0,1.1,1
1.1,0.9,0,1.1,1
1.1,0.9,0,1.1,1
1.1,0.9,0,1.1,1
1.1,0.9,0,1.1,1
1.1,0.9,0,1.1,1
1.1,0.9,0,1.1,1
1.1,0.9,0,1.1,1
1.1,0.9,0,1.1,1
1.1,0.9,0,1.1,1
1.1,0.9,0,1.1,1
1.1,0.9,0,1.1,1
1.1,0.9,0,1.1,1
1.1,0.9,0,1.1,1
1.1,0.9,0,1.1,1
1.1,0.9,0,1.1,1
1.1,0.9,0,1.1,1
1.1,0.9,0,1.1,1
1.1,0.9,0,1.1,1
1.1,0.9,0,1.1,1
1.1,0.9,0,1.1,1
1.1,0.9,0,1.1,1
1.1,0.9,0,1.1,1
1.1,0.9,0,1.1,1
1.1,0.9,0,1.1,1
1.1,0.9,0,1.1,1
1.1,0.9,0,1.1,1
1.1,0.9,0,1.1,1
1.1,0.9,0,1.1,1
1.1,0.9,0,1.1,1
1.1,0.9,0,1.1,1
1.1,0.9,0,1.1,1
1.1,0.9,0,1.1,1
1.1,0.9,0,1.1,1
1.1,0.9,0,1.1,1
1.1,0.9,0,1.1,1
1.1,0.9,0,1.1,1
1.1,0.9,0,1.1,1
1.1,0.9,0,1.1,1
1.1,0.9,0,1.1,1
1.1,0.9,0,1.1,1
1.1,0.9,0,1.1,1
1.1158,0.9,0.017544,1.1,1
1.1158,0.9,0.017544,1.1,1
1.1158,0.9,0.017544,1.1,1
1.1237,0.9,0.026316,1.1,1
1.1237,0.9,0.026316,1.1,1
1.1237,0.9,0.026316,1.1,1
1.1237,0.9,0.026316,1.1,1
1.1237,0.9,0.026316,1.1,1
1.1237,0.9,0.026316,1.1,1
1.1237,0.9,0.026316,1.1,1
1.1237,0.9,0.026316,1.1,1
1.1395,0.9,0.04386,1.1,1
1.1553,0.9,0.061404,1.1,1
1.1632,0.9,0.070175,1.1,1
1.1711,0.9,0.078947,1.1,1
1.1789,0.9,0.087719,1.1,1
1.1868,0.9,0.096491,1.1,1
1.2263,0.9,0.14035,1.1,1
1.2187,0.9,0.19298,1.1,0.95
1.2818,0.9,0.26316,1.1,0.95
1.4082,0.9,0.40351,1.1,0.95
1.4005,0.9,0.45614,1.1,0.9
1.385,0.9,0.5,1.1,0.85
1.4011,0.9,0.57895,1.1,0.8
1.4645,0.9,0.71053,1.1,0.75
1.5355,0.9,0.78947,1.1,0.75
1.4179,0.9,0.84211,1.1,0.6
1.4105,0.9,0.95614,1.1,0.5
1.3242,0.9,0.98246,1.1,0.4
1.175,0.9,1,1.1,0.25
1.175,0.9,1,1.1,0.25
1.065,0.9,1,1.1,0.15
0.9,0.9,1,1.1,0
0.9,0.9,1,1.1,0
1,1,0,1,1
1,1,0,1,1
1,1,0,1,1
1,1,0,1,1
1,1,0,1,1
1,1,0,1,1
1,1,0,1,1
1,1,0,1,1
1,1,0,1,1
1,1,0,1,1
1,1,0,1,1
1,1,0,1,1
1,1,0,1,1
1,1,0,1,1
1,1,0,1,1
1,1,0,1,1
1,1,0,1,1
1,1,0,1,1
1,1,0,1,1
1,1,0,1,1
1,1,0,1,1
1,1,0,1,1
1,1,0,1,1
1,1,0,1,1
1,1,0,1,1
1,1,0,1,1
1,1,0,1,1
1,1,0,1,1
1,1,0,1,1
1,1,0,1,1
1,1,0,1,1
1,1,0,1,1
1,1,0,1,1
1,1,0,1,1
1,1,0,1,1
1,1,0,1,1
1,1,0,1,1
1,1,0,1,1
1,1,0,1,1
1,1,0,1,1
1,1,0,1,1
1,1,0,1,1
1,1,0,1,1
1,1,0,1,1
1,1,0,1,1
1,1,0,1,1
1,1,0,1,1
1,1,0,1,1
1,1,0,1,1
1,1,0,1,1
1,1,0,1,1
1,1,0,1,1
1,1,0,1,1
1,1,0,1,1
1,1,0,1,1
1,1,0,1,1
1,1,0,1,1
1,1,0,1,1
1,1,0,1,1
1,1,0,1,1
1,1,0,1,1
1,1,0,1,1
1,1,0,1,1
1,1,0,1,1
1,1,0,1,1
1,1,0,1,1
1,1,0,1,1
1.0175,1,0.017544,1,1
1.0175,1,0.017544,1,1
1.0175,1,0.017544,1,1
1.0263,1,0.026316,1,1
1.0263,1,0.026316,1,1
1.0263,1,0.026316,1,1
1.0263,1,0.026316,1,1
1.0263,1,0.026316,1,1
1.0263,1,0.026316,1,1
1.0263,1,0.026316,1,1
1.0263,1,0.026316,1,1
1.0439,1,0.04386,1,1
1.0614,1,0.061404,1,1
1.0702,1,0.070175,1,1
1.0789,1,0.078947,1,1
1.0877,1,0.087719,1,1
1.0965,1,0.096491,1,1
1.1404,1,0.14035,1,1
1.143,1,0.19298,1,0.95
1.2132,1,0.26316,1,0.95
1.3535,1,0.40351,1,0.95
1.3561,1,0.45614,1,0.9
1.35,1,0.5,1,0.85
1.3789,1,0.57895,1,0.8
1.4605,1,0.71053,1,0.75
1.5395,1,0.78947,1,0.75
1.4421,1,0.84211,1,0.6
1.4561,1,0.95614,1,0.5
1.3825,1,0.98246,1,0.4
1.25,1,1,1,0.25
1.25,1,1,1,0.25
1.15,1,1,1,0.15
1,1,1,1,0
1,1,1,1,0
0.9,1.1,0,0.9,1
0.9,1.1,0,0.9,1
0.9,1.1,0,0.9,1
0.9,1.1,0,0.9,1
0.9,1.1,0,0.9,1
0.9,1.1,0,0.9,1
0.9,1.1,0,0.9,1
0.9,1.1,0,0.9,1
0.9,1.1,0,0.9,1
0.9,1.1,0,0.9,1
0.9,1.1,0,0.9,1
0.9,1.1,0,0.9,1
0.9,1.1,0,0.9,1
0.9,1.1,0,0.9,1
0.9,1.1,0,0.9,1
0.9,1.1,0,0.9,1
0.9,1.1,0,0.9,1
0.9,1.1,0,0.9,1
0.9,1.1,0,0.9,1
0.9,1.1,0,0.9,1
0.9,1.1,0,0.9,1
0.9,1.1,0,0.9,1
0.9,1.1,0,0.9,1
0.9,1.1,0,0.9,1
0.9,1.1,0,0.9,1
0.9,1.1,0,0.9,1
0.9,1.1,0,0.9,1
0.9,1.1,0,0.9,1
0.9,1.1,0,0.9,1
0.9,1.1,0,0.9,1
0.9,1.1,0,0.9,1
0.9,1.1,0,0.9,1
0.9,1.1,0,0.9,1
0.9,1.1,0,0.9,1
0.9,1.1,0,0.9,1
0.9,1.1,0,0.9,1
0.9,1.1,0,0.9,1
0.9,1.1,0,0.9,1
0.9,1.1,0,0.9,1
0.9,1.1,0,0.9,1
0.9,1.1,0,0.9,1
0.9,1.1,0,0.9,1
0.9,1.1,0,0.9,1
0.9,1.1,0,0.9,1
0.9,1.1,0,0.9,1
0.9,1.1,0,0.9,1
0.9,1.1,0,0.9,1
0.9,1.1,0,0.9,1
0.9,1.1,0,0.9,1
0.9,1.1,0,0.9,1
0.9,1.1,0,0.9,1
0.9,1.1,0,0.9,1
0.9,1.1,0,0.9,1
0.9,1.1,0,0.9,1
0.9,1.1,0,0.9,1
0.9,1.1,0,0.9,1
0.9,1.1,0,0.9,1
0.9,1.1,0,0.9,1
0.9,1.1,0,0.9,1
0.9,1.1,0,0.9,1
0.9,1.1,0,0.9,1
0.9,1.1,0,0.9,1
0.9,1.1,0,0.9,1
0.9,1.1,0,0.9,1
0.9,1.1,0,0.9,1
0.9,1.1,0,0.9,1
0.9,1.1,0,0.9,1
0.9193,1.1,0.017544,0.9,1
0.9193,1.1,0.017544,0.9,1
0.9193,1.1,0.017544,0.9,1
0.92895,1.1,0.026316,0.9,1
0.92895,1.1,0.026316,0.9,1
0.92895,1.1,0.026316,0.9,1
0.92895,1.1,0.026316,0.9,1
0.92895,1.1,0.026316,0.9,1
0.92895,1.1,0.026316,0.9,1
0.92895,1.1,0.026316,0.9,1
0.92895,1.1,0.026316,0.9,1
0.94825,1.1,0.04386,0.9,1
0.96754,1.1,0.061404,0.9,1
0.97719,1.1,0.070175,0.9,1
0.98684,1.1,0.078947,0.9,1
0.99649,1.1,0.087719,0.9,1
1.0061,1.1,0.096491,0.9,1
1.0544,1.1,0.14035,0.9,1
1.0673,1.1,0.19298,0.9,0.95
1.1445,1.1,0.26316,0.9,0.95
1.2989,1.1,0.40351,0.9,0.95
1.3118,1.1,0.45614,0.9,0.9
1.315,1.1,0.5,0.9,0.85
1.3568,1.1,0.57895,0.9,0.8
1.4566,1.1,0.71053,0.9,0.75
1.5434,1.1,0.78947,0.9,0.75
1.4663,1.1,0.84211,0.9,0.6
1.5018,1.1,0.95614,0.9,0.5
1.4407,1.1,0.98246,0.9,0.4
1.325,1.1,1,0.9,0.25
1.325,1.1,1,0.9,0.25
1.235,1.1,1,0.9,0.15
1.1,1.1,1,0.9,0
1.1,1.1,1,0.9,0
0.8,1.2,0,0.8,1
0.8,1.2,0,0.8,1
0.8,1.2,0,0.8,1
0.8,1.2,0,0.8,1
0.8,1.2,0,0.8,1
0.8,1.2,0,0.8,1
0.8,1.2,0,0.8,1
0.8,1.2,0,0.8,1
0.8,1.2,0,0.8,1
0.8,1.2,0,0.8,1
0.8,1.2,0,0.8,1
0.8,1.2,0,0.8,1
0.8,1.2,0,0.8,1
0.8,1.2,0,0.8,1
0.8,1.2,0,0.8,1
0.8,1.2,0,0.8,1
0.8,1.2,0,0.8,1
0.8,1.2,0,0.8,1
0.8,1.2,0,0.8,1
0.8,1.2,0,0.8,1
0.8,1.2,0,0.8,1
0.8,1.2,0,0.8,1
0.8,1.2,0,0.8,1
0.8,1.2,0,0.8,1
0.8,1.2,0,0.8,1
0.8,1.2,0,0.8,1
0.8,1.2,0,0.8,1
0.8,1.2,0,0.8,1
0.8,1.2,0,0.8,1
0.8,1.2,0,0.8,1
0.8,1.2,0,0.8,1
0.8,1.2,0,0.8,1
0.8,1.2,0,0.8,1
0.8,1.2,0,0.8,1
0.8,1.2,0,0.8,1
0.8,1.2,0,0.8,1
0.8,1.2,0,0.8,1
0.8,1.2,0,0.8,1
0.8,1.2,0,0.8,1
0.8,1.2,0,0.8,1
0.8,1.2,0,0.8,1
0.8,1.2,0,0.8,1
0.8,1.2,0,0.8,1
0.8,1.2,0,0.8,1
0.8,1.2,0,0.8,1
0.8,1.2,0,0.8,1
0.8,1.2,0,0.8,1
0.8,1.2,0,0.8,1
0.8,1.2,0,0.8,1
0.8,1.2,0,0.8,1
0.8,1.2,0,0.8,1
0.8,1.2,0,0.8,1
0.8,1.2,0,0.8,1
0.8,1.2,0,0.8,1
0.8,1.2,0,0.8,1
0.8,1.2,0,0.8,1
0.8,1.2,0,0.8,1
0.8,1.2,0,0.8,1
0.8,1.2,0,0.8,1
0.8,1.2,0,0.8,1
0.8,1.2,0,0.8,1
0.8,1.2,0,0.8,1
0.8,1.2,0,0.8,1
0.8,1.2,0,0.8,1
0.8,1.2,0,0.8,1
0.8,1.2,0,0.8,1
0.8,1.2,0,0.8,1
0.82105,1.2,0.017544,0.8,1
0.82105,1.2,0.017544,0.8,1
0.82105,1.2,0.017544,0.8,1
0.83158,1.2,0.026316,0.8,1
0.83158,1.2,0.026316,0.8,1
0.83158,1.2,0.026316,0.8,1
0.83158,1.2,0.026316,0.8,1
0.83158,1.2,0.026316,0.8,1
0.83158,1.2,0.026316,0.8,1
0.83158,1.2,0.026316,0.8,1
0.83158,1.2,0.026316,0.8,1
0.85263,1.2,0.04386,0.8,1
0.87368,1.2,0.061404,0.8,1
0.88421,1.2,0.070175,0.8,1
0.89474,1.2,0.078947,0.8,1
0.90526,1.2,0.087719,0.8,1
0.91579,1.2,0.096491,0.8,1
0.96842,1.2,0.14035,0.8,1
0.99158,1.2,0.19298,0.8,0.95
1.0758,1.2,0.26316,0.8,0.95
1.2442,1.2,0.40351,0.8,0.95
1.2674,1.2,0.45614,0.8,0.9
1.28,1.2,0.5,0.8,0.85
1.3347,1.2,0.57895,0.8,0.8
1.4526,1.2,0.71053,0.8,0.75
1.5474,1.2,0.78947,0.8,0.75
1.4905,1.2,0.84211,0.8,0.6
1.5474,1.2,0.95614,0.8,0.5
1.4989,1.2,0.98246,0.8,0.4
1.4,1.2,1,0.8,0.25
1.4,1.2,1,0.8,0.25
1.32,1.2,1,0.8,0.15
1.2,1.2,1,0.8,0
1.2,1.2,1,0.8,0
0.7,1.3,0,0.7,1
0.7,1.3,0,0.7,1
0.7,1.3,0,0.7,1
0.7,1.3,0,0.7,1
0.7,1.3,0,0.7,1
0.7,1.3,0,0.7,1
0.7,1.3,0,0.7,1
0.7,1.3,0,0.7,1
0.7,1.3,0,0.7,1
0.7,1.3,0,0.7,1
0.7,1.3,0,0.7,1
0.7,1.3,0,0.7,1
0.7,1.3,0,0.7,1
0.7,1.3,0,0.7,1
0.7,1.3,0,0.7,1
0.7,1.3,0,0.7,1
0.7,1.3,0,0.7,1
0.7,1.3,0,0.7,1
0.7,1.3,0,0.7,1
0.7,1.3,0,0.7,1
0.7,1.3,0,0.7,1
0.7,1.3,0,0.7,1
0.7,1.3,0,0.7,1
0.7,1.3,0,0.7,1
0.7,1.3,0,0.7,1
0.7,1.3,0,0.7,1
0.7,1.3,0,0.7,1
0.7,1.3,0,0.7,1
0.7,1.3,0,0.7,1
0.7,1.3,0,0.7,1
0.7,1.3,0,0.7,1
0.7,1.3,0,0.7,1
0.7,1.3,0,0.7,1
0.7,1.3,0,0.7,1
0.7,1.3,0,0.7,1
0.7,1.3,0,0.7,1
0.7,1.3,0,0.7,1
0.7,1.3,0,0.7,1
0.7,1.3,0,0.7,1
0.7,1.3,0,0.7,1
0.7,1.3,0,0.7,1
0.7,1.3,0,0.7,1
0.7,1.3,0,0.7,1
0.7,1.3,0,0.7,1
0.7,1.3,0,0.7,1
0.7,1.3,0,0.7,1
0.7,1.3,0,0.7,1
0.7,1.3,0,0.7,1
0.7,1.3,0,0.7,1
0.7,1.3,0,0.7,1
0.7,1.3,0,0.7,1
0.7,1.3,0,0.7,1
0.7,1.3,0,0.7,1
0.7,1.3,0,0.7,1
0.7,1.3,0,0.7,1
0.7,1.3,0,0.7,1
0.7,1.3,0,0.7,1
0.7,1.3,0,0.7,1
0.7,1.3,0,0.7,1
0.7,1.3,0,0.7,1
0.7,1.3,0,0.7,1
0.7,1.3,0,0.7,1
0.7,1.3,0,0.7,1
0.7,1.3,0,0.7,1
0.7,1.3,0,0.7,1
0.7,1.3,0,0.7,1
0.7,1.3,0,0.7,1
0.72281,1.3,0.017544,0.7,1
0.72281,1.3,0.017544,0.7,1
0.72281,1.3,0.017544,0.7,1
0.73421,1.3,0.026316,0.7,1
0.73421,1.3,0.026316,0.7,1
0.73421,1.3,0.026316,0.7,1
0.73421,1.3,0.026316,0.7,1
0.73421,1.3,0.026316,0.7,1
0.73421,1.3,0.026316,0.7,1
0.73421,1.3,0.026316,0.7,1
0.73421,1.3,0.026316,0.7,1
0.75702,1.3,0.04386,0.7,1
0.77982,1.3,0.061404,0.7,1
0.79123,1.3,0.070175,0.7,1
0.80263,1.3,0.078947,0.7,1
0.81404,1.3,0.087719,0.7,1
0.82544,1.3,0.096491,0.7,1
0.88246,1.3,0.14035,0.7,1
0.91588,1.3,0.19298,0.7,0.95
1.0071,1.3,0.26316,0.7,0.95
1.1896,1.3,0.40351,0.7,0.95
1.223,1.3,0.45614,0.7,0.9
1.245,1.3,0.5,0.7,0.85
1.3126,1.3,0.57895,0.7,0.8
1.4487,1.3,0.71053,0.7,0.75
1.5513,1.3,0.78947,0.7,0.75
1.5147,1.3,0.84211,0.7,0.6
1.593,1.3,0.95614,0.7,0.5
1.5572,1.3,0.98246,0.7,0.4
1.475,1.3,1,0.7,0.25
1.475,1.3,1,0.7,0.25
1.405,1.3,1,0.7,0.15
1.3,1.3,1,0.7,0
1.3,1.3,1,0.7,0
0.6,1.4,0,0.6,1
0.6,1.4,0,0.6,1
0.6,1.4,0,0.6,1
0.6,1.4,0,0.6,1
0.6,1.4,0,0.6,1
0.6,1.4,0,0.6,1
0.6,1.4,0,0.6,1
0.6,1.4,0,0.6,1
0.6,1.4,0,0.6,1
0.6,1.4,0,0.6,1
0.6,1.4,0,0.6,1
0.6,1.4,0,0.6,1
0.6,1.4,0,0.6,1
0.6,1.4,0,0.6,1
0.6,1.4,0,0.6,1
0.6,1.4,0,0.6,1
0.6,1.4,0,0.6,1
0.6,1.4,0,0.6,1
0.6,1.4,0,0.6,1
0.6,1.4,0,0.6,1
0.6,1.4,0,0.6,1
0.6,1.4,0,0.6,1
0.6,1.4,0,0.6,1
0.6,1.4,0,0.6,1
0.6,1.4,0,0.6,1
0.6,1.4,0,0.6,1
0.6,1.4,0,0.6,1
0.6,1.4,0,0.6,1
0.6,1.4,0,0.6,1
0.6,1.4,0,0.6,1
0.6,1.4,0,0.6,1
0.6,1.4,0,0.6,1
0.6,1.4,0,0.6,1
0.6,1.4,0,0.6,1
0.6,1.4,0,0.6,1
0.6,1.4,0,0.6,1
0.6,1.4,0,0.6,1
0.6,1.4,0,0.6,1
0.6,1.4,0,0.6,1
0.6,1.4,0,0.6,1
0.6,1.4,0,0.6,1
0.6,1.4,0,0.6,1
0.6,1.4,0,0.6,1
0.6,1.4,0,0.6,1
0.6,1.4,0,0.6,1
0.6,1.4,0,0.6,1
0.6,1.4,0,0.6,1
0.6,1.4,0,0.6,1
0.6,1.4,0,0.6,1
0.6,1.4,0,0.6,1
0.6,1.4,0,0.6,1
0.6,1.4,0,0.6,1
0.6,1.4,0,0.6,1
0.6,1.4,0,0.6,1
0.6,1.4,0,0.6,1
0.6,1.4,0,0.6,1
0.6,1.4,0,0.6,1
0.6,1.4,0,0.6,1
0.6,1.4,0,0.6,1
0.6,1.4,0,0.6,1
0.6,1.4,0,0.6,1
0.6,1.4,0,0.6,1
0.6,1.4,0,0.6,1
0.6,1.4,0,0.6,1
0.6,1.4,0,0.6,1
0.6,1.4,0,0.6,1
0.6,1.4,0,0.6,1
0.62456,1.4,0.017544,0.6,1
0.62456,1.4,0.017544,0.6,1
0.62456,1.4,0.017544,0.6,1
0.63684,1.4,0.026316,0.6,1
0.63684,1.4,0.026316,0.6,1
0.63684,1.4,0.026316,0.6,1
0.63684,1.4,0.026316,0.6,1
0.63684,1.4,0.026316,0.6,1
0.63684,1.4,0.026316,0.6,1
0.63684,1.4,0.026316,0.6,1
0.63684,1.4,0.026316,0.6,1
0.6614,1.4,0.04386,0.6,1
0.68596,1.4,0.061404,0.6,1
0.69825,1.4,0.070175,0.6,1
0.71053,1.4,0.078947,0.6,1
0.72281,1.4,0.087719,0.6,1
0.73509,1.4,0.096491,0.6,1
0.79649,1.4,0.14035,0.6,1
0.84018,1.4,0.19298,0.6,0.95
0.93842,1.4,0.26316,0.6,0.95
1.1349,1.4,0.40351,0.6,0.95
1.1786,1.4,0.45614,0.6,0.9
1.21,1.4,0.5,0.6,0.85
1.2905,1.4,0.57895,0.6,0.8
1.4447,1.4,0.71053,0.6,0.75
1.5553,1.4,0.78947,0.6,0.75
1.5389,1.4,0.84211,0.6,0.6
1.6386,1.4,0.95614,0.6,0.5
1.6154,1.4,0.98246,0.6,0.4
1.55,1.4,1,0.6,0.25
1.55,1.4,1,0.6,0.25
1.49,1.4,1,0.6,0.15
1.4,1.4,1,0.6,0
1.4,1.4,1,0.6,0
0.5,1.5,0,0.5,1
0.5,1.5,0,0.5,1
0.5,1.5,0,0.5,1
0.5,1.5,0,0.5,1
0.5,1.5,0,0.5,1
0.5,1.5,0,0.5,1
0.5,1.5,0,0.5,1
0.5,1.5,0,0.5,1
0.5,1.5,0,0.5,1
0.5,1.5,0,0.5,1
0.5,1.5,0,0.5,1
0.5,1.5,0,0.5,1
0.5,1.5,0,0.5,1
0.5,1.5,0,0.5,1
0.5,1.5,0,0.5,1
0.5,1.5,0,0.5,1
0.5,1.5,0,0.5,1
0.5,1.5,0,0.5,1
0.5,1.5,0,0.5,1
0.5,1.5,0,0.5,1
0.5,1.5,0,0.5,1
0.5,1.5,0,0.5,1
0.5,1.5,0,0.5,1
0.5,1.5,0,0.5,1
0.5,1.5,0,0.5,1
0.5,1.5,0,0.5,1
0.5,1.5,0,0.5,1
0.5,1.5,0,0.5,1
0.5,1.5,0,0.5,1
0.5,1.5,0,0.5,1
0.5,1.5,0,0.5,1
0.5,1.5,0,0.5,1
0.5,1.5,0,0.5,1
0.5,1.5,0,0.5,1
0.5,1.5,0,0.5,1
0.5,1.5,0,0.5,1
0.5,1.5,0,0.5,1
0.5,1.5,0,0.5,1
0.5,1.5,0,0.5,1
0.5,1.5,0,0.5,1
0.5,1.5,0,0.5,1
0.5,1.5,0,0.5,1
0.5,1.5,0,0.5,1
0.5,1.5,0,0.5,1
0.5,1.5,0,0.5,1
0.5,1.5,0,0.5,1
0.5,1.5,0,0.5,1
0.5,1.5,0,0.5,1
0.5,1.5,0,0.5,1
0.5,1.5,0,0.5,1
0.5,1.5,0,0.5,1
0.5,1.5,0,0.5,1
0.5,1.5,0,0.5,1
0.5,1.5,0,0.5,1
0.5,1.5,0,0.5,1
0.5,1.5,0,0.5,1
0.5,1.5,0,0.5,1
0.5,1.5,0,0.5,1
0.5,1.5,0,0.5,1
0.5,1.5,0,0.5,1
0.5,1.5,0,0.5,1
0.5,1.5,0,0.5,1
0.5,1.5,0,0.5,1
0.5,1.5,0,0.5,1
0.5,1.5,0,0.5,1
0.5,1.5,0,0.5,1
0.5,1.5,0,0.5,1
0.52632,1.5,0.017544,0.5,1
0.52632,1.5,0.017544,0.5,1
0.52632,1.5,0.017544,0.5,1
0.53947,1.5,0.026316,0.5,1
0.53947,1.5,0.026316,0.5,1
0.53947,1.5,0.026316,0.5,1
0.53947,1.5,0.026316,0.5,1
0.53947,1.5,0.026316,0.5,1
0.53947,1.5,0.026316,0.5,1
0.53947,1.5,0.026316,0.5,1
0.53947,1.5,0.026316,0.5,1
0.56579,1.5,0.04386,0.5,1
0.59211,1.5,0.061404,0.5,1
0.60526,1.5,0.070175,0.5,1
0.61842,1.5,0.078947,0.5,1
0.63158,1.5,0.087719,0.5,1
0.64474,1.5,0.096491,0.5,1
0.71053,1.5,0.14035,0.5,1
0.76447,1.5,0.19298,0.5,0.95
0.86974,1.5,0.26316,0.5,0.95
1.0803,1.5,0.40351,0.5,0.95
1.1342,1.5,0.45614,0.5,0.9
1.175,1.5,0.5,0.5,0.85
1.2684,1.5,0.57895,0.5,0.8
1.4408,1.5,0.71053,0.5,0.75
1.5592,1.5,0.78947,0.5,0.75
1.5632,1.5,0.84211,0.5,0.6
1.6842,1.5,0.95614,0.5,0.5
1.6737,1.5,0.98246,0.5,0.4
1.625,1.5,1,0.5,0.25
1.625,1.5,1,0.5,0.25
1.575,1.5,1,0.5,0.15
1.5,1.5,1,0.5,0
1.5,1.5,1,0.5,0
0.4,1.6,0,0.4,1
0.4,1.6,0,0.4,1
0.4,1.6,0,0.4,1
0.4,1.6,0,0.4,1
0.4,1.6,0,0.4,1
0.4,1.6,0,0.4,1
0.4,1.6,0,0.4,1
0.4,1.6,0,0.4,1
0.4,1.6,0,0.4,1
0.4,1.6,0,0.4,1
0.4,1.6,0,0.4,1
0.4,1.6,0,0.4,1
0.4,1.6,0,0.4,1
0.4,1.6,0,0.4,1
0.4,1.6,0,0.4,1
0.4,1.6,0,0.4,1
0.4,1.6,0,0.4,1
0.4,1.6,0,0.4,1
0.4,1.6,0,0.4,1
0.4,1.6,0,0.4,1
0.4,1.6,0,0.4,1
0.4,1.6,0,0.4,1
0.4,1.6,0,0.4,1
0.4,1.6,0,0.4,1
0.4,1.6,0,0.4,1
0.4,1.6,0,0.4,1
0.4,1.6,0,0.4,1
0.4,1.6,0,0.4,1
0.4,1.6,0,0.4,1
0.4,1.6,0,0.4,1
0.4,1.6,0,0.4,1
0.4,1.6,0,0.4,1
0.4,1.6,0,0.4,1
0.4,1.6,0,0.4,1
0.4,1.6,0,0.4,1
0.4,1.6,0,0.4,1
0.4,1.6,0,0.4,1
0.4,1.6,0,0.4,1
0.4,1.6,0,0.4,1
0.4,1.6,0,0.4,1
0.4,1.6,0,0.4,1
0.4,1.6,0,0.4,1
0.4,1.6,0,0.4,1
0.4,1.6,0,0.4,1
0.4,1.6,0,0.4,1
0.4,1.6,0,0.4,1
0.4,1.6,0,0.4,1
0.4,1.6,0,0.4,1
0.4,1.6,0,0.4,1
0.4,1.6,0,0.4,1
0.4,1.6,0,0.4,1
0.4,1.6,0,0.4,1
0.4,1.6,0,0.4,1
0.4,1.6,0,0.4,1
0.4,1.6,0,0.4,1
0.4,1.6,0,0.4,1
0.4,1.6,0,0.4,1
0.4,1.6,0,0.4,1
0.4,1.6,0,0.4,1
0.4,1.6,0,0.4,1
0.4,1.6,0,0.4,1
0.4,1.6,0,0.4,1
0.4,1.6,0,0.4,1
0.4,1.6,0,0.4,1
0.4,1.6,0,0.4,1
0.4,1.6,0,0.4,1
0.4,1.6,0,0.4,1
0.42807,1.6,0.017544,0.4,1
0.42807,1.6,0.017544,0.4,1
0.42807,1.6,0.017544,0.4,1
0.44211,1.6,0.026316,0.4,1
0.44211,1.6,0.026316,0.4,1
0.44211,1.6,0.026316,0.4,1
0.44211,1.6,0.026316,0.4,1
0.44211,1.6,0.026316,0.4,1
0.44211,1.6,0.026316,0.4,1
0.44211,1.6,0.026316,0.4,1
0.44211,1.6,0.026316,0.4,1
0.47018,1.6,0.04386,0.4,1
0.49825,1.6,0.061404,0.4,1
0.51228,1.6,0.070175,0.4,1
0.52632,1.6,0.078947,0.4,1
0.54035,1.6,0.087719,0.4,1
0.55439,1.6,0.096491,0.4,1
0.62456,1.6,0.14035,0.4,1
0.68877,1.6,0.19298,0.4,0.95
0.80105,1.6,0.26316,0.4,0.95
1.0256,1.6,0.40351,0.4,0.95
1.0898,1.6,0.45614,0.4,0.9
1.14,1.6,0.5,0.4,0.85
1.2463,1.6,0.57895,0.4,0.8
1.4368,1.6,0.71053,0.4,0.75
1.5632,1.6,0.78947,0.4,0.75
1.5874,1.6,0.84211,0.4,0.6
1.7298,1.6,0.95614,0.4,0.5
1.7319,1.6,0.98246,0.4,0.4
1.7,1.6,1,0.4,0.25
1.7,1.6,1,0.4,0.25
1.66,1.6,1,0.4,0.15
1.6,1.6,1,0.4,0
1.6,1.6,1,0.4,0
0.3,1.7,0,0.3,1
0.3,1.7,0,0.3,1
0.3,1.7,0,0.3,1
0.3,1.7,0,0.3,1
0.3,1.7,0,0.3,1
0.3,1.7,0,0.3,1
0.3,1.7,0,0.3,1
0.3,1.7,0,0.3,1
0.3,1.7,0,0.3,1
0.3,1.7,0,0.3,1
0.3,1.7,0,0.3,1
0.3,1.7,0,0.3,1
0.3,1.7,0,0.3,1
0.3,1.7,0,0.3,1
0.3,1.7,0,0.3,1
0.3,1.7,0,0.3,1
0.3,1.7,0,0.3,1
0.3,1.7,0,0.3,1
0.3,1.7,0,0.3,1
0.3,1.7,0,0.3,1
0.3,1.7,0,0.3,1
0.3,1.7,0,0.3,1
0.3,1.7,0,0.3,1
0.3,1.7,0,0.3,1
0.3,1.7,0,0.3,1
0.3,1.7,0,0.3,1
0.3,1.7,0,0.3,1
0.3,1.7,0,0.3,1
0.3,1.7,0,0.3,1
0.3,1.7,0,0.3,1
0.3,1.7,0,0.3,1
0.3,1.7,0,0.3,1
0.3,1.7,0,0.3,1
0.3,1.7,0,0.3,1
0.3,1.7,0,0.3,1
0.3,1.7,0,0.3,1
0.3,1.7,0,0.3,1
0.3,1.7,0,0.3,1
0.3,1.7,0,0.3,1
0.3,1.7,0,0.3,1
0.3,1.7,0,0.3,1
0.3,1.7,0,0.3,1
0.3,1.7,0,0.3,1
0.3,1.7,0,0.3,1
0.3,1.7,0,0.3,1
0.3,1.7,0,0.3,1
0.3,1.7,0,0.3,1
0.3,1.7,0,0.3,1
0.3,1.7,0,0.3,1
0.3,1.7,0,0.3,1
0.3,1.7,0,0.3,1
0.3,1.7,0,0.3,1
0.3,1.7,0,0.3,1
0.3,1.7,0,0.3,1
0.3,1.7,0,0.3,1
0.3,1.7,0,0.3,1
0.3,1.7,0,0.3,1
0.3,1.7,0,0.3,1
0.3,1.7,0,0.3,1
0.3,1.7,0,0.3,1
0.3,1.7,0,0.3,1
0.3,1.7,0,0.3,1
0.3,1.7,0,0.3,1
0.3,1.7,0,0.3,1
0.3,1.7,0,0.3,1
0.3,1.7,0,0.3,1
0.3,1.7,0,0.3,1
0.32982,1.7,0.017544,0.3,1
0.32982,1.7,0.017544,0.3,1
0.32982,1.7,0.017544,0.3,1
0.34474,1.7,0.026316,0.3,1
0.34474,1.7,0.026316,0.3,1
0.34474,1.7,0.026316,0.3,1
0.34474,1.7,0.026316,0.3,1
0.34474,1.7,0.026316,0.3,1
0.34474,1.7,0.026316,0.3,1
0.34474,1.7,0.026316,0.3,1
0.34474,1.7,0.026316,0.3,1
0.37456,1.7,0.04386,0.3,1
0.40439,1.7,0.061404,0.3,1
0.4193,1.7,0.070175,0.3,1
0.43421,1.7,0.078947,0.3,1
0.44912,1.7,0.087719,0.3,1
0.46404,1.7,0.096491,0.3,1
0.5386,1.7,0.14035,0.3,1
0.61307,1.7,0.19298,0.3,0.95
0.73237,1.7,0.26316,0.3,0.95
0.97096,1.7,0.40351,0.3,0.95
1.0454,1.7,0.45614,0.3,0.9
1.105,1.7,0.5,0.3,0.85
1.2242,1.7,0.57895,0.3,0.8
1.4329,1.7,0.71053,0.3,0.75
1.5671,1.7,0.78947,0.3,0.75
1.6116,1.7,0.84211,0.3,0.6
1.7754,1.7,0.95614,0.3,0.5
1.7902,1.7,0.98246,0.3,0.4
1.775,1.7,1,0.3,0.25
1.775,1.7,1,0.3,0.25
1.745,1.7,1,0.3,0.15
1.7,1.7,1,0.3,0
1.7,1.7,1,0.3,0
0.2,1.8,0,0.2,1
0.2,1.8,0,0.2,1
0.2,1.8,0,0.2,1
0.2,1.8,0,0.2,1
0.2,1.8,0,0.2,1
0.2,1.8,0,0.2,1
0.2,1.8,0,0.2,1
0.2,1.8,0,0.2,1
0.2,1.8,0,0.2,1
0.2,1.8,0,0.2,1
0.2,1.8,0,0.2,1
0.2,1.8,0,0.2,1
0.2,1.8,0,0.2,1
0.2,1.8,0,0.2,1
0.2,1.8,0,0.2,1
0.2,1.8,0,0.2,1
0.2,1.8,0,0.2,1
0.2,1.8,0,0.2,1
0.2,1.8,0,0.2,1
0.2,1.8,0,0.2,1
0.2,1.8,0,0.2,1
0.2,1.8,0,0.2,1
0.2,1.8,0,0.2,1
0.2,1.8,0,0.2,1
0.2,1.8,0,0.2,1
0.2,1.8,0,0.2,1
0.2,1.8,0,0.2,1
0.2,1.8,0,0.2,1
0.2,1.8,0,0.2,1
0.2,1.8,0,0.2,1
0.2,1.8,0,0.2,1
0.2,1.8,0,0.2,1
0.2,1.8,0,0.2,1
0.2,1.8,0,0.2,1
0.2,1.8,0,0.2,1
0.2,1.8,0,0.2,1
0.2,1.8,0,0.2,1
0.2,1.8,0,0.2,1
0.2,1.8,0,0.2,1
0.2,1.8,0,0.2,1
0.2,1.8,0,0.2,1
0.2,1.8,0,0.2,1
0.2,1.8,0,0.2,1
0.2,1.8,0,0.2,1
0.2,1.8,0,0.2,1
0.2,1.8,0,0.2,1
0.2,1.8,0,0.2,1
0.2,1.8,0,0.2,1
0.2,1.8,0,0.2,1
0.2,1.8,0,0.2,1
0.2,1.8,0,0.2,1
0.2,1.8,0,0.2,1
0.2,1.8,0,0.2,1
0.2,1.8,0,0.2,1
0.2,1.8,0,0.2,1
0.2,1.8,0,0.2,1
0.2,1.8,0,0.2,1
0.2,1.8,0,0.2,1
0.2,1.8,0,0.2,1
0.2,1.8,0,0.2,1
0.2,1.8,0,0.2,1
0.2,1.8,0,0.2,1
0.2,1.8,0,0.2,1
0.2,1.8,0,0.2,1
0.2,1.8,0,0.2,1
0.2,1.8,0,0.2,1
0.2,1.8,0,0.2,1
0.23158,1.8,0.017544,0.2,1
0.23158,1.8,0.017544,0.2,1
0.23158,1.8,0.017544,0.2,1
0.24737,1.8,0.026316,0.2,1
0.24737,1.8,0.026316,0.2,1
0.24737,1.8,0.026316,0.2,1
0.24737,1.8,0.026316,0.2,1
0.24737,1.8,0.026316,0.2,1
0.24737,1.8,0.026316,0.2,1
0.24737,1.8,0.026316,0.2,1
0.24737,1.8,0.026316,0.2,1
0.27895,1.8,0.04386,0.2,1
0.31053,1.8,0.061404,0.2,1
0.32632,1.8,0.070175,0.2,1
0.34211,1.8,0.078947,0.2,1
0.35789,1.8,0.087719,0.2,1
0.37368,1.8,0.096491,0.2,1
0.45263,1.8,0.14035,0.2,1
0.53737,1.8,0.19298,0.2,0.95
0.66368,1.8,0.26316,0.2,0.95
0.91632,1.8,0.40351,0.2,0.95
1.0011,1.8,0.45614,0.2,0.9
1.07,1.8,0.5,0.2,0.85
1.2021,1.8,0.57895,0.2,0.8
1.4289,1.8,0.71053,0.2,0.75
1.5711,1.8,0.78947,0.2,0.75
1.6358,1.8,0.84211,0.2,0.6
1.8211,1.8,0.95614,0.2,0.5
1.8484,1.8,0.98246,0.2,0.4
1.85,1.8,1,0.2,0.25
1.85,1.8,1,0.2,0.25
1.83,1.8,1,0.2,0.15
1.8,1.8,1,0.2,0
1.8,1.8,1,0.2,0
0.1,1.9,0,0.1,1
0.1,1.9,0,0.1,1
0.1,1.9,0,0.1,1
0.1,1.9,0,0.1,1
0.1,1.9,0,0.1,1
0.1,1.9,0,0.1,1
0.1,1.9,0,0.1,1
0.1,1.9,0,0.1,1
0.1,1.9,0,0.1,1
0.1,1.9,0,0.1,1
0.1,1.9,0,0.1,1
0.1,1.9,0,0.1,1
0.1,1.9,0,0.1,1
0.1,1.9,0,0.1,1
0.1,1.9,0,0.1,1
0.1,1.9,0,0.1,1
0.1,1.9,0,0.1,1
0.1,1.9,0,0.1,1
0.1,1.9,0,0.1,1
0.1,1.9,0,0.1,1
0.1,1.9,0,0.1,1
0.1,1.9,0,0.1,1
0.1,1.9,0,0.1,1
0.1,1.9,0,0.1,1
0.1,1.9,0,0.1,1
0.1,1.9,0,0.1,1
0.1,1.9,0,0.1,1
0.1,1.9,0,0.1,1
0.1,1.9,0,0.1,1
0.1,1.9,0,0.1,1
0.1,1.9,0,0.1,1
0.1,1.9,0,0.1,1
0.1,1.9,0,0.1,1
0.1,1.9,0,0.1,1
0.1,1.9,0,0.1,1
0.1,1.9,0,0.1,1
0.1,1.9,0,0.1,1
0.1,1.9,0,0.1,1
0.1,1.9,0,0.1,1
0.1,1.9,0,0.1,1
0.1,1.9,0,0.1,1
0.1,1.9,0,0.1,1
0.1,1.9,0,0.1,1
0.1,1.9,0,0.1,1
0.1,1.9,0,0.1,1
0.1,1.9,0,0.1,1
0.1,1.9,0,0.1,1
0.1,1.9,0,0.1,1
0.1,1.9,0,0.1,1
0.1,1.9,0,0.1,1
0.1,1.9,0,0.1,1
0.1,1.9,0,0.1,1
0.1,1.9,0,0.1,1
0.1,1.9,0,0.1,1
0.1,1.9,0,0.1,1
0.1,1.9,0,0.1,1
0.1,1.9,0,0.1,1
0.1,1.9,0,0.1,1
0.1,1.9,0,0.1,1
0.1,1.9,0,0.1,1
0.1,1.9,0,0.1,1
0.1,1.9,0,0.1,1
0.1,1.9,0,0.1,1
0.1,1.9,0,0.1,1
0.1,1.9,0,0.1,1
0.1,1.9,0,0.1,1
0.1,1.9,0,0.1,1
0.13333,1.9,0.017544,0.1,1
0.13333,1.9,0.017544,0.1,1
0.13333,1.9,0.017544,0.1,1
0.15,1.9,0.026316,0.1,1
0.15,1.9,0.026316,0.1,1
0.15,1.9,0.026316,0.1,1
0.15,1.9,0.026316,0.1,1
0.15,1.9,0.026316,0.1,1
0.15,1.9,0.026316,0.1,1
0.15,1.9,0.026316,0.1,1
0.15,1.9,0.026316,0.1,1
0.18333,1.9,0.04386,0.1,1
0.21667,1.9,0.061404,0.1,1
0.23333,1.9,0.070175,0.1,1
0.25,1.9,0.078947,0.1,1
0.26667,1.9,0.087719,0.1,1
0.28333,1.9,0.096491,0.1,1
0.36667,1.9,0.14035,0.1,1
0.46167,1.9,0.19298,0.1,0.95
0.595,1.9,0.26316,0.1,0.95
0.86167,1.9,0.40351,0.1,0.95
0.95667,1.9,0.45614,0.1,0.9
1.035,1.9,0.5,0.1,0.85
1.18,1.9,0.57895,0.1,0.8
1.425,1.9,0.71053,0.1,0.75
1.575,1.9,0.78947,0.1,0.75
1.66,1.9,0.84211,0.1,0.6
1.8667,1.9,0.95614,0.1,0.5
1.9067,1.9,0.98246,0.1,0.4
1.925,1.9,1,0.1,0.25
1.925,1.9,1,0.1,0.25
1.915,1.9,1,0.1,0.15
1.9,1.9,1,0.1,0
1.9,1.9,1,0.1,0
