1.5,0.1,0,1.9,1,1
1.5,0.1,0,1.9,1,2
1.5,0.1,0,1.9,1,3
1.5,0.1,0,1.9,1,4
1.5,0.1,0,1.9,1,5
1.5,0.1,0,1.9,1,6
1.5,0.1,0,1.9,1,7
1.5,0.1,0,1.9,1,8
1.5,0.1,0,1.9,1,9
1.5,0.1,0,1.9,1,10
1.5,0.1,0,1.9,1,11
1.5,0.1,0,1.9,1,12
1.5,0.1,0,1.9,1,13
1.5,0.1,0,1.9,1,14
1.5,0.1,0,1.9,1,15
1.5,0.1,0,1.9,1,16
1.5,0.1,0,1.9,1,17
1.5,0.1,0,1.9,1,18
1.5,0.1,0,1.9,1,19
1.5,0.1,0,1.9,1,20
1.5,0.1,0,1.9,1,21
1.5,0.1,0.0087719,1.9,1,22
1.5,0.1,0.0087719,1.9,1,23
1.5,0.1,0.070175,1.9,1,24
1.5,0.1,0.11404,1.9,0.95,25
1.5,0.1,0.13158,1.9,0.95,26
1.5,0.1,0.21053,1.9,0.95,27
1.5,0.1,0.29825,1.9,0.95,28
1.5,0.1,0.37719,1.9,0.95,29
1.5,0.1,0.4386,1.9,0.95,30
1.5,0.1,0.52632,1.9,0.95,31
1.5,0.1,0.60526,1.9,0.95,32
1.5,0.1,0.64912,1.9,0.95,33
1.5,0.1,0.72807,1.9,0.95,34
1.5,0.1,0.77193,1.9,0.9,35
1.5,0.1,0.79825,1.9,0.9,36
1.5,0.1,0.84211,1.9,0.9,37
1.5,0.1,0.87719,1.9,0.9,38
1.5,0.1,0.89474,1.9,0.9,39
1.5,0.1,0.89474,1.9,0.9,40
1.5,0.1,0.9386,1.9,0.9,41
1.5,0.1,0.9386,1.9,0.9,42
1.5,0.1,0.96491,1.9,0.9,43
1.5,0.1,0.97368,1.9,0.9,44
1.5,0.1,0.97368,1.9,0.9,45
1.5,0.1,0.98246,1.9,0.9,46
1.5,0.1,0.98246,1.9,0.9,47
1.5,0.1,0.98246,1.9,0.9,48
1.5,0.1,0.98246,1.9,0.85,49
1.5,0.1,0.98246,1.9,0.85,50
1.5,0.1,0.99123,1.9,0.75,51
1.5,0.1,1,1.9,0.75,52
1.5,0.1,1,1.9,0.75,53
1.5,0.1,1,1.9,0.75,54
1.5,0.1,1,1.9,0.75,55
1.5,0.1,1,1.9,0.75,56
1.5,0.1,1,1.9,0.75,57
1.5,0.1,1,1.9,0.75,58
1.5,0.1,1,1.9,0.75,59
1.5,0.1,1,1.9,0.7,60
1.5,0.1,1,1.9,0.7,61
1.5,0.1,1,1.9,0.7,62
1.5,0.1,1,1.9,0.7,63
1.5,0.1,1,1.9,0.7,64
1.5,0.1,1,1.9,0.7,65
1.5,0.1,1,1.9,0.65,66
1.5,0.1,1,1.9,0.65,67
1.5088,0.1,0.98246,1.9,0.65,68
1.5088,0.1,0.98246,1.9,0.65,69
1.5088,0.1,0.98246,1.9,0.6,70
1.5132,0.1,0.97368,1.9,0.6,71
1.5132,0.1,0.97368,1.9,0.6,72
1.5132,0.1,0.97368,1.9,0.55,73
1.5132,0.1,0.97368,1.9,0.5,74
1.5132,0.1,0.97368,1.9,0.5,75
1.5132,0.1,0.97368,1.9,0.45,76
1.5132,0.1,0.97368,1.9,0.4,77
1.5132,0.1,0.97368,1.9,0.3,78
1.5219,0.1,0.95614,1.9,0.25,79
1.5307,0.1,0.9386,1.9,0.25,80
1.5351,0.1,0.92982,1.9,0.2,81
1.5395,0.1,0.92105,1.9,0.2,82
1.5439,0.1,0.91228,1.9,0.2,83
1.5482,0.1,0.90351,1.9,0.2,84
1.5702,0.1,0.85965,1.9,0.2,85
1.5215,0.1,0.80702,1.9,0.24,86
1.5566,0.1,0.73684,1.9,0.24,87
1.6268,0.1,0.59649,1.9,0.1925,88
1.5781,0.1,0.54386,1.9,0.235,89
1.525,0.1,0.5,1.9,0.2775,90
1.4895,0.1,0.42105,1.9,0.32,91
1.4803,0.1,0.28947,1.9,0.3625,92
1.5197,0.1,0.21053,1.9,0.3625,93
1.3211,0.1,0.15789,1.9,0.49,94
1.2281,0.1,0.04386,1.9,0.575,95
1.0912,0.1,0.017544,1.9,0.66,96
0.875,0.1,0,1.9,0.7875,97
0.875,0.1,0,1.9,0.775,98
0.725,0.1,0,1.9,0.8575,99
0.5,0.1,0,1.9,1,100
0.5,0.1,0,1.9,1,101
1.5,0.2,0,1.8,1,1
1.5,0.2,0,1.8,1,2
1.5,0.2,0,1.8,1,3
1.5,0.2,0,1.8,1,4
1.5,0.2,0,1.8,1,5
1.5,0.2,0,1.8,1,6
1.5,0.2,0,1.8,1,7
1.5,0.2,0,1.8,1,8
1.5,0.2,0,1.8,1,9
1.5,0.2,0,1.8,1,10
1.5,0.2,0,1.8,1,11
1.5,0.2,0,1.8,1,12
1.5,0.2,0,1.8,1,13
1.5,0.2,0,1.8,1,14
1.5,0.2,0,1.8,1,15
1.5,0.2,0,1.8,1,16
1.5,0.2,0,1.8,1,17
1.5,0.2,0,1.8,1,18
1.5,0.2,0,1.8,1,19
1.5,0.2,0,1.8,1,20
1.5,0.2,0,1.8,1,21
1.5,0.2,0.0087719,1.8,1,22
1.5,0.2,0.0087719,1.8,1,23
1.5,0.2,0.070175,1.8,1,24
1.5,0.2,0.11404,1.8,0.95,25
1.5,0.2,0.13158,1.8,0.95,26
1.5,0.2,0.21053,1.8,0.95,27
1.5,0.2,0.29825,1.8,0.95,28
1.5,0.2,0.37719,1.8,0.95,29
1.5,0.2,0.4386,1.8,0.95,30
1.5,0.2,0.52632,1.8,0.95,31
1.5,0.2,0.60526,1.8,0.95,32
1.5,0.2,0.64912,1.8,0.95,33
1.5,0.2,0.72807,1.8,0.95,34
1.5,0.2,0.77193,1.8,0.9,35
1.5,0.2,0.79825,1.8,0.9,36
1.5,0.2,0.84211,1.8,0.9,37
1.5,0.2,0.87719,1.8,0.9,38
1.5,0.2,0.89474,1.8,0.9,39
1.5,0.2,0.89474,1.8,0.9,40
1.5,0.2,0.9386,1.8,0.9,41
1.5,0.2,0.9386,1.8,0.9,42
1.5,0.2,0.96491,1.8,0.9,43
1.5,0.2,0.97368,1.8,0.9,44
1.5,0.2,0.97368,1.8,0.9,45
1.5,0.2,0.98246,1.8,0.9,46
1.5,0.2,0.98246,1.8,0.9,47
1.5,0.2,0.98246,1.8,0.9,48
1.5,0.2,0.98246,1.8,0.85,49
1.5,0.2,0.98246,1.8,0.85,50
1.5,0.2,0.99123,1.8,0.75,51
1.5,0.2,1,1.8,0.75,52
1.5,0.2,1,1.8,0.75,53
1.5,0.2,1,1.8,0.75,54
1.5,0.2,1,1.8,0.75,55
1.5,0.2,1,1.8,0.75,56
1.5,0.2,1,1.8,0.75,57
1.5,0.2,1,1.8,0.75,58
1.5,0.2,1,1.8,0.75,59
1.5,0.2,1,1.8,0.7,60
1.5,0.2,1,1.8,0.7,61
1.5,0.2,1,1.8,0.7,62
1.5,0.2,1,1.8,0.7,63
1.5,0.2,1,1.8,0.7,64
1.5,0.2,1,1.8,0.7,65
1.5,0.2,1,1.8,0.65,66
1.5,0.2,1,1.8,0.65,67
1.5088,0.2,0.98246,1.8,0.65,68
1.5088,0.2,0.98246,1.8,0.65,69
1.5088,0.2,0.98246,1.8,0.6,70
1.5132,0.2,0.97368,1.8,0.6,71
1.5132,0.2,0.97368,1.8,0.6,72
1.5132,0.2,0.97368,1.8,0.55,73
1.5132,0.2,0.97368,1.8,0.5,74
1.5132,0.2,0.97368,1.8,0.5,75
1.5132,0.2,0.97368,1.8,0.45,76
1.5132,0.2,0.97368,1.8,0.4,77
1.5132,0.2,0.97368,1.8,0.3,78
1.5219,0.2,0.95614,1.8,0.25,79
1.5307,0.2,0.9386,1.8,0.25,80
1.5351,0.2,0.92982,1.8,0.2,81
1.5395,0.2,0.92105,1.8,0.2,82
1.5439,0.2,0.91228,1.8,0.2,83
1.5482,0.2,0.90351,1.8,0.2,84
1.5702,0.2,0.85965,1.8,0.2,85
1.5215,0.2,0.80702,1.8,0.24,86
1.5566,0.2,0.73684,1.8,0.24,87
1.6268,0.2,0.59649,1.8,0.1925,88
1.5781,0.2,0.54386,1.8,0.235,89
1.525,0.2,0.5,1.8,0.2775,90
1.4895,0.2,0.42105,1.8,0.32,91
1.4803,0.2,0.28947,1.8,0.3625,92
1.5197,0.2,0.21053,1.8,0.3625,93
1.3211,0.2,0.15789,1.8,0.49,94
1.2281,0.2,0.04386,1.8,0.575,95
1.0912,0.2,0.017544,1.8,0.66,96
0.875,0.2,0,1.8,0.7875,97
0.875,0.2,0,1.8,0.775,98
0.725,0.2,0,1.8,0.8575,99
0.5,0.2,0,1.8,1,100
0.5,0.2,0,1.8,1,101
1.5,0.3,0,1.7,1,1
1.5,0.3,0,1.7,1,2
1.5,0.3,0,1.7,1,3
1.5,0.3,0,1.7,1,4
1.5,0.3,0,1.7,1,5
1.5,0.3,0,1.7,1,6
1.5,0.3,0,1.7,1,7
1.5,0.3,0,1.7,1,8
1.5,0.3,0,1.7,1,9
1.5,0.3,0,1.7,1,10
1.5,0.3,0,1.7,1,11
1.5,0.3,0,1.7,1,12
1.5,0.3,0,1.7,1,13
1.5,0.3,0,1.7,1,14
1.5,0.3,0,1.7,1,15
1.5,0.3,0,1.7,1,16
1.5,0.3,0,1.7,1,17
1.5,0.3,0,1.7,1,18
1.5,0.3,0,1.7,1,19
1.5,0.3,0,1.7,1,20
1.5,0.3,0,1.7,1,21
1.5,0.3,0.0087719,1.7,1,22
1.5,0.3,0.0087719,1.7,1,23
1.5,0.3,0.070175,1.7,1,24
1.5,0.3,0.11404,1.7,0.95,25
1.5,0.3,0.13158,1.7,0.95,26
1.5,0.3,0.21053,1.7,0.95,27
1.5,0.3,0.29825,1.7,0.95,28
1.5,0.3,0.37719,1.7,0.95,29
1.5,0.3,0.4386,1.7,0.95,30
1.5,0.3,0.52632,1.7,0.95,31
1.5,0.3,0.60526,1.7,0.95,32
1.5,0.3,0.64912,1.7,0.95,33
1.5,0.3,0.72807,1.7,0.95,34
1.5,0.3,0.77193,1.7,0.9,35
1.5,0.3,0.79825,1.7,0.9,36
1.5,0.3,0.84211,1.7,0.9,37
1.5,0.3,0.87719,1.7,0.9,38
1.5,0.3,0.89474,1.7,0.9,39
1.5,0.3,0.89474,1.7,0.9,40
1.5,0.3,0.9386,1.7,0.9,41
1.5,0.3,0.9386,1.7,0.9,42
1.5,0.3,0.96491,1.7,0.9,43
1.5,0.3,0.97368,1.7,0.9,44
1.5,0.3,0.97368,1.7,0.9,45
1.5,0.3,0.98246,1.7,0.9,46
1.5,0.3,0.98246,1.7,0.9,47
1.5,0.3,0.98246,1.7,0.9,48
1.5,0.3,0.98246,1.7,0.85,49
1.5,0.3,0.98246,1.7,0.85,50
1.5,0.3,0.99123,1.7,0.75,51
1.5,0.3,1,1.7,0.75,52
1.5,0.3,1,1.7,0.75,53
1.5,0.3,1,1.7,0.75,54
1.5,0.3,1,1.7,0.75,55
1.5,0.3,1,1.7,0.75,56
1.5,0.3,1,1.7,0.75,57
1.5,0.3,1,1.7,0.75,58
1.5,0.3,1,1.7,0.75,59
1.5,0.3,1,1.7,0.7,60
1.5,0.3,1,1.7,0.7,61
1.5,0.3,1,1.7,0.7,62
1.5,0.3,1,1.7,0.7,63
1.5,0.3,1,1.7,0.7,64
1.5,0.3,1,1.7,0.7,65
1.5,0.3,1,1.7,0.65,66
1.5,0.3,1,1.7,0.65,67
1.5088,0.3,0.98246,1.7,0.65,68
1.5088,0.3,0.98246,1.7,0.65,69
1.5088,0.3,0.98246,1.7,0.6,70
1.5132,0.3,0.97368,1.7,0.6,71
1.5132,0.3,0.97368,1.7,0.6,72
1.5132,0.3,0.97368,1.7,0.55,73
1.5132,0.3,0.97368,1.7,0.5,74
1.5132,0.3,0.97368,1.7,0.5,75
1.5132,0.3,0.97368,1.7,0.45,76
1.5132,0.3,0.97368,1.7,0.4,77
1.5132,0.3,0.97368,1.7,0.3,78
1.5219,0.3,0.95614,1.7,0.25,79
1.5307,0.3,0.9386,1.7,0.25,80
1.5351,0.3,0.92982,1.7,0.2,81
1.5395,0.3,0.92105,1.7,0.2,82
1.5439,0.3,0.91228,1.7,0.2,83
1.5482,0.3,0.90351,1.7,0.2,84
1.5702,0.3,0.85965,1.7,0.2,85
1.5215,0.3,0.80702,1.7,0.24,86
1.5566,0.3,0.73684,1.7,0.24,87
1.6268,0.3,0.59649,1.7,0.1925,88
1.5781,0.3,0.54386,1.7,0.235,89
1.525,0.3,0.5,1.7,0.2775,90
1.4895,0.3,0.42105,1.7,0.32,91
1.4803,0.3,0.28947,1.7,0.3625,92
1.5197,0.3,0.21053,1.7,0.3625,93
1.3211,0.3,0.15789,1.7,0.49,94
1.2281,0.3,0.04386,1.7,0.575,95
1.0912,0.3,0.017544,1.7,0.66,96
0.875,0.3,0,1.7,0.7875,97
0.875,0.3,0,1.7,0.775,98
0.725,0.3,0,1.7,0.8575,99
0.5,0.3,0,1.7,1,100
0.5,0.3,0,1.7,1,101
1.5,0.4,0,1.6,1,1
1.5,0.4,0,1.6,1,2
1.5,0.4,0,1.6,1,3
1.5,0.4,0,1.6,1,4
1.5,0.4,0,1.6,1,5
1.5,0.4,0,1.6,1,6
1.5,0.4,0,1.6,1,7
1.5,0.4,0,1.6,1,8
1.5,0.4,0,1.6,1,9
1.5,0.4,0,1.6,1,10
1.5,0.4,0,1.6,1,11
1.5,0.4,0,1.6,1,12
1.5,0.4,0,1.6,1,13
1.5,0.4,0,1.6,1,14
1.5,0.4,0,1.6,1,15
1.5,0.4,0,1.6,1,16
1.5,0.4,0,1.6,1,17
1.5,0.4,0,1.6,1,18
1.5,0.4,0,1.6,1,19
1.5,0.4,0,1.6,1,20
1.5,0.4,0,1.6,1,21
1.5,0.4,0.0087719,1.6,1,22
1.5,0.4,0.0087719,1.6,1,23
1.5,0.4,0.070175,1.6,1,24
1.5,0.4,0.11404,1.6,0.95,25
1.5,0.4,0.13158,1.6,0.95,26
1.5,0.4,0.21053,1.6,0.95,27
1.5,0.4,0.29825,1.6,0.95,28
1.5,0.4,0.37719,1.6,0.95,29
1.5,0.4,0.4386,1.6,0.95,30
1.5,0.4,0.52632,1.6,0.95,31
1.5,0.4,0.60526,1.6,0.95,32
1.5,0.4,0.64912,1.6,0.95,33
1.5,0.4,0.72807,1.6,0.95,34
1.5,0.4,0.77193,1.6,0.9,35
1.5,0.4,0.79825,1.6,0.9,36
1.5,0.4,0.84211,1.6,0.9,37
1.5,0.4,0.87719,1.6,0.9,38
1.5,0.4,0.89474,1.6,0.9,39
1.5,0.4,0.89474,1.6,0.9,40
1.5,0.4,0.9386,1.6,0.9,41
1.5,0.4,0.9386,1.6,0.9,42
1.5,0.4,0.96491,1.6,0.9,43
1.5,0.4,0.97368,1.6,0.9,44
1.5,0.4,0.97368,1.6,0.9,45
1.5,0.4,0.98246,1.6,0.9,46
1.5,0.4,0.98246,1.6,0.9,47
1.5,0.4,0.98246,1.6,0.9,48
1.5,0.4,0.98246,1.6,0.85,49
1.5,0.4,0.98246,1.6,0.85,50
1.5,0.4,0.99123,1.6,0.75,51
1.5,0.4,1,1.6,0.75,52
1.5,0.4,1,1.6,0.75,53
1.5,0.4,1,1.6,0.75,54
1.5,0.4,1,1.6,0.75,55
1.5,0.4,1,1.6,0.75,56
1.5,0.4,1,1.6,0.75,57
1.5,0.4,1,1.6,0.75,58
1.5,0.4,1,1.6,0.75,59
1.5,0.4,1,1.6,0.7,60
1.5,0.4,1,1.6,0.7,61
1.5,0.4,1,1.6,0.7,62
1.5,0.4,1,1.6,0.7,63
1.5,0.4,1,1.6,0.7,64
1.5,0.4,1,1.6,0.7,65
1.5,0.4,1,1.6,0.65,66
1.5,0.4,1,1.6,0.65,67
1.5088,0.4,0.98246,1.6,0.65,68
1.5088,0.4,0.98246,1.6,0.65,69
1.5088,0.4,0.98246,1.6,0.6,70
1.5132,0.4,0.97368,1.6,0.6,71
1.5132,0.4,0.97368,1.6,0.6,72
1.5132,0.4,0.97368,1.6,0.55,73
1.5132,0.4,0.97368,1.6,0.5,74
1.5132,0.4,0.97368,1.6,0.5,75
1.5132,0.4,0.97368,1.6,0.45,76
1.5132,0.4,0.97368,1.6,0.4,77
1.5132,0.4,0.97368,1.6,0.3,78
1.5219,0.4,0.95614,1.6,0.25,79
1.5307,0.4,0.9386,1.6,0.25,80
1.5351,0.4,0.92982,1.6,0.2,81
1.5395,0.4,0.92105,1.6,0.2,82
1.5439,0.4,0.91228,1.6,0.2,83
1.5482,0.4,0.90351,1.6,0.2,84
1.5702,0.4,0.85965,1.6,0.2,85
1.5215,0.4,0.80702,1.6,0.24,86
1.5566,0.4,0.73684,1.6,0.24,87
1.6268,0.4,0.59649,1.6,0.1925,88
1.5781,0.4,0.54386,1.6,0.235,89
1.525,0.4,0.5,1.6,0.2775,90
1.4895,0.4,0.42105,1.6,0.32,91
1.4803,0.4,0.28947,1.6,0.3625,92
1.5197,0.4,0.21053,1.6,0.3625,93
1.3211,0.4,0.15789,1.6,0.49,94
1.2281,0.4,0.04386,1.6,0.575,95
1.0912,0.4,0.017544,1.6,0.66,96
0.875,0.4,0,1.6,0.7875,97
0.875,0.4,0,1.6,0.775,98
0.725,0.4,0,1.6,0.8575,99
0.5,0.4,0,1.6,1,100
0.5,0.4,0,1.6,1,101
1.5,0.5,0,1.5,1,1
1.5,0.5,0,1.5,1,2
1.5,0.5,0,1.5,1,3
1.5,0.5,0,1.5,1,4
1.5,0.5,0,1.5,1,5
1.5,0.5,0,1.5,1,6
1.5,0.5,0,1.5,1,7
1.5,0.5,0,1.5,1,8
1.5,0.5,0,1.5,1,9
1.5,0.5,0,1.5,1,10
1.5,0.5,0,1.5,1,11
1.5,0.5,0,1.5,1,12
1.5,0.5,0,1.5,1,13
1.5,0.5,0,1.5,1,14
1.5,0.5,0,1.5,1,15
1.5,0.5,0,1.5,1,16
1.5,0.5,0,1.5,1,17
1.5,0.5,0,1.5,1,18
1.5,0.5,0,1.5,1,19
1.5,0.5,0,1.5,1,20
1.5,0.5,0,1.5,1,21
1.5044,0.5,0.0087719,1.5,1,22
1.5044,0.5,0.0087719,1.5,1,23
1.5351,0.5,0.070175,1.5,1,24
1.482,0.5,0.11404,1.5,0.95,25
1.4908,0.5,0.13158,1.5,0.95,26
1.5303,0.5,0.21053,1.5,0.95,27
1.5741,0.5,0.29825,1.5,0.95,28
1.6136,0.5,0.37719,1.5,0.95,29
1.6443,0.5,0.4386,1.5,0.95,30
1.6882,0.5,0.52632,1.5,0.95,31
1.7276,0.5,0.60526,1.5,0.95,32
1.7496,0.5,0.64912,1.5,0.95,33
1.789,0.5,0.72807,1.5,0.95,34
1.736,0.5,0.77193,1.5,0.9,35
1.7491,0.5,0.79825,1.5,0.9,36
1.7711,0.5,0.84211,1.5,0.9,37
1.7886,0.5,0.87719,1.5,0.9,38
1.7974,0.5,0.89474,1.5,0.9,39
1.7974,0.5,0.89474,1.5,0.9,40
1.8193,0.5,0.9386,1.5,0.9,41
1.8193,0.5,0.9386,1.5,0.9,42
1.8325,0.5,0.96491,1.5,0.9,43
1.8368,0.5,0.97368,1.5,0.9,44
1.8368,0.5,0.97368,1.5,0.9,45
1.8412,0.5,0.98246,1.5,0.9,46
1.8412,0.5,0.98246,1.5,0.9,47
1.8412,0.5,0.98246,1.5,0.9,48
1.7662,0.5,0.98246,1.5,0.85,49
1.7662,0.5,0.98246,1.5,0.85,50
1.6206,0.5,0.99123,1.5,0.75,51
1.625,0.5,1,1.5,0.75,52
1.625,0.5,1,1.5,0.75,53
1.625,0.5,1,1.5,0.75,54
1.625,0.5,1,1.5,0.75,55
1.625,0.5,1,1.5,0.75,56
1.625,0.5,1,1.5,0.75,57
1.625,0.5,1,1.5,0.75,58
1.625,0.5,1,1.5,0.75,59
1.55,0.5,1,1.5,0.7,60
1.55,0.5,1,1.5,0.7,61
1.55,0.5,1,1.5,0.7,62
1.55,0.5,1,1.5,0.7,63
1.55,0.5,1,1.5,0.7,64
1.55,0.5,1,1.5,0.7,65
1.475,0.5,1,1.5,0.65,66
1.475,0.5,1,1.5,0.65,67
1.4662,0.5,0.98246,1.5,0.65,68
1.4662,0.5,0.98246,1.5,0.65,69
1.3912,0.5,0.98246,1.5,0.6,70
1.3868,0.5,0.97368,1.5,0.6,71
1.3868,0.5,0.97368,1.5,0.6,72
1.3118,0.5,0.97368,1.5,0.55,73
1.2368,0.5,0.97368,1.5,0.5,74
1.2368,0.5,0.97368,1.5,0.5,75
1.1618,0.5,0.97368,1.5,0.45,76
1.0868,0.5,0.97368,1.5,0.4,77
0.93684,0.5,0.97368,1.5,0.3,78
0.85307,0.5,0.95614,1.5,0.25,79
0.8443,0.5,0.9386,1.5,0.25,80
0.76491,0.5,0.92982,1.5,0.2,81
0.76053,0.5,0.92105,1.5,0.2,82
0.75614,0.5,0.91228,1.5,0.2,83
0.75175,0.5,0.90351,1.5,0.2,84
0.72982,0.5,0.85965,1.5,0.2,85
0.76351,0.5,0.80702,1.5,0.24,86
0.72842,0.5,0.73684,1.5,0.24,87
0.587,0.5,0.59649,1.5,0.1925,88
0.62443,0.5,0.54386,1.5,0.235,89
0.66625,0.5,0.5,1.5,0.2775,90
0.69053,0.5,0.42105,1.5,0.32,91
0.68849,0.5,0.28947,1.5,0.3625,92
0.64901,0.5,0.21053,1.5,0.3625,93
0.81395,0.5,0.15789,1.5,0.49,94
0.88443,0.5,0.04386,1.5,0.575,95
0.99877,0.5,0.017544,1.5,0.66,96
1.1812,0.5,0,1.5,0.7875,97
1.1625,0.5,0,1.5,0.775,98
1.2863,0.5,0,1.5,0.8575,99
1.5,0.5,0,1.5,1,100
1.5,0.5,0,1.5,1,101
1.5,0.6,0,1.4,1,1
1.5,0.6,0,1.4,1,2
1.5,0.6,0,1.4,1,3
1.5,0.6,0,1.4,1,4
1.5,0.6,0,1.4,1,5
1.5,0.6,0,1.4,1,6
1.5,0.6,0,1.4,1,7
1.5,0.6,0,1.4,1,8
1.5,0.6,0,1.4,1,9
1.5,0.6,0,1.4,1,10
1.5,0.6,0,1.4,1,11
1.5,0.6,0,1.4,1,12
1.5,0.6,0,1.4,1,13
1.5,0.6,0,1.4,1,14
1.5,0.6,0,1.4,1,15
1.5,0.6,0,1.4,1,16
1.5,0.6,0,1.4,1,17
1.5,0.6,0,1.4,1,18
1.5,0.6,0,1.4,1,19
1.5,0.6,0,1.4,1,20
1.5,0.6,0,1.4,1,21
1.5044,0.6,0.0087719,1.4,1,22
1.5044,0.6,0.0087719,1.4,1,23
1.5351,0.6,0.070175,1.4,1,24
1.482,0.6,0.11404,1.4,0.95,25
1.4908,0.6,0.13158,1.4,0.95,26
1.5303,0.6,0.21053,1.4,0.95,27
1.5741,0.6,0.29825,1.4,0.95,28
1.6136,0.6,0.37719,1.4,0.95,29
1.6443,0.6,0.4386,1.4,0.95,30
1.6882,0.6,0.52632,1.4,0.95,31
1.7276,0.6,0.60526,1.4,0.95,32
1.7496,0.6,0.64912,1.4,0.95,33
1.789,0.6,0.72807,1.4,0.95,34
1.736,0.6,0.77193,1.4,0.9,35
1.7491,0.6,0.79825,1.4,0.9,36
1.7711,0.6,0.84211,1.4,0.9,37
1.7886,0.6,0.87719,1.4,0.9,38
1.7974,0.6,0.89474,1.4,0.9,39
1.7974,0.6,0.89474,1.4,0.9,40
1.8193,0.6,0.9386,1.4,0.9,41
1.8193,0.6,0.9386,1.4,0.9,42
1.8325,0.6,0.96491,1.4,0.9,43
1.8368,0.6,0.97368,1.4,0.9,44
1.8368,0.6,0.97368,1.4,0.9,45
1.8412,0.6,0.98246,1.4,0.9,46
1.8412,0.6,0.98246,1.4,0.9,47
1.8412,0.6,0.98246,1.4,0.9,48
1.7662,0.6,0.98246,1.4,0.85,49
1.7662,0.6,0.98246,1.4,0.85,50
1.6206,0.6,0.99123,1.4,0.75,51
1.625,0.6,1,1.4,0.75,52
1.625,0.6,1,1.4,0.75,53
1.625,0.6,1,1.4,0.75,54
1.625,0.6,1,1.4,0.75,55
1.625,0.6,1,1.4,0.75,56
1.625,0.6,1,1.4,0.75,57
1.625,0.6,1,1.4,0.75,58
1.625,0.6,1,1.4,0.75,59
1.55,0.6,1,1.4,0.7,60
1.55,0.6,1,1.4,0.7,61
1.55,0.6,1,1.4,0.7,62
1.55,0.6,1,1.4,0.7,63
1.55,0.6,1,1.4,0.7,64
1.55,0.6,1,1.4,0.7,65
1.475,0.6,1,1.4,0.65,66
1.475,0.6,1,1.4,0.65,67
1.4662,0.6,0.98246,1.4,0.65,68
1.4662,0.6,0.98246,1.4,0.65,69
1.3912,0.6,0.98246,1.4,0.6,70
1.3868,0.6,0.97368,1.4,0.6,71
1.3868,0.6,0.97368,1.4,0.6,72
1.3118,0.6,0.97368,1.4,0.55,73
1.2368,0.6,0.97368,1.4,0.5,74
1.2368,0.6,0.97368,1.4,0.5,75
1.1618,0.6,0.97368,1.4,0.45,76
1.0868,0.6,0.97368,1.4,0.4,77
0.93684,0.6,0.97368,1.4,0.3,78
0.85307,0.6,0.95614,1.4,0.25,79
0.8443,0.6,0.9386,1.4,0.25,80
0.76491,0.6,0.92982,1.4,0.2,81
0.76053,0.6,0.92105,1.4,0.2,82
0.75614,0.6,0.91228,1.4,0.2,83
0.75175,0.6,0.90351,1.4,0.2,84
0.72982,0.6,0.85965,1.4,0.2,85
0.76351,0.6,0.80702,1.4,0.24,86
0.72842,0.6,0.73684,1.4,0.24,87
0.587,0.6,0.59649,1.4,0.1925,88
0.62443,0.6,0.54386,1.4,0.235,89
0.66625,0.6,0.5,1.4,0.2775,90
0.69053,0.6,0.42105,1.4,0.32,91
0.68849,0.6,0.28947,1.4,0.3625,92
0.64901,0.6,0.21053,1.4,0.3625,93
0.81395,0.6,0.15789,1.4,0.49,94
0.88443,0.6,0.04386,1.4,0.575,95
0.99877,0.6,0.017544,1.4,0.66,96
1.1812,0.6,0,1.4,0.7875,97
1.1625,0.6,0,1.4,0.775,98
1.2863,0.6,0,1.4,0.8575,99
1.5,0.6,0,1.4,1,100
1.5,0.6,0,1.4,1,101
1.5,0.7,0,1.3,1,1
1.5,0.7,0,1.3,1,2
1.5,0.7,0,1.3,1,3
1.5,0.7,0,1.3,1,4
1.5,0.7,0,1.3,1,5
1.5,0.7,0,1.3,1,6
1.5,0.7,0,1.3,1,7
1.5,0.7,0,1.3,1,8
1.5,0.7,0,1.3,1,9
1.5,0.7,0,1.3,1,10
1.5,0.7,0,1.3,1,11
1.5,0.7,0,1.3,1,12
1.5,0.7,0,1.3,1,13
1.5,0.7,0,1.3,1,14
1.5,0.7,0,1.3,1,15
1.5,0.7,0,1.3,1,16
1.5,0.7,0,1.3,1,17
1.5,0.7,0,1.3,1,18
1.5,0.7,0,1.3,1,19
1.5,0.7,0,1.3,1,20
1.5,0.7,0,1.3,1,21
1.5044,0.7,0.0087719,1.3,1,22
1.5044,0.7,0.0087719,1.3,1,23
1.5351,0.7,0.070175,1.3,1,24
1.482,0.7,0.11404,1.3,0.95,25
1.4908,0.7,0.13158,1.3,0.95,26
1.5303,0.7,0.21053,1.3,0.95,27
1.5741,0.7,0.29825,1.3,0.95,28
1.6136,0.7,0.37719,1.3,0.95,29
1.6443,0.7,0.4386,1.3,0.95,30
1.6882,0.7,0.52632,1.3,0.95,31
1.7276,0.7,0.60526,1.3,0.95,32
1.7496,0.7,0.64912,1.3,0.95,33
1.789,0.7,0.72807,1.3,0.95,34
1.736,0.7,0.77193,1.3,0.9,35
1.7491,0.7,0.79825,1.3,0.9,36
1.7711,0.7,0.84211,1.3,0.9,37
1.7886,0.7,0.87719,1.3,0.9,38
1.7974,0.7,0.89474,1.3,0.9,39
1.7974,0.7,0.89474,1.3,0.9,40
1.8193,0.7,0.9386,1.3,0.9,41
1.8193,0.7,0.9386,1.3,0.9,42
1.8325,0.7,0.96491,1.3,0.9,43
1.8368,0.7,0.97368,1.3,0.9,44
1.8368,0.7,0.97368,1.3,0.9,45
1.8412,0.7,0.98246,1.3,0.9,46
1.8412,0.7,0.98246,1.3,0.9,47
1.8412,0.7,0.98246,1.3,0.9,48
1.7662,0.7,0.98246,1.3,0.85,49
1.7662,0.7,0.98246,1.3,0.85,50
1.6206,0.7,0.99123,1.3,0.75,51
1.625,0.7,1,1.3,0.75,52
1.625,0.7,1,1.3,0.75,53
1.625,0.7,1,1.3,0.75,54
1.625,0.7,1,1.3,0.75,55
1.625,0.7,1,1.3,0.75,56
1.625,0.7,1,1.3,0.75,57
1.625,0.7,1,1.3,0.75,58
1.625,0.7,1,1.3,0.75,59
1.55,0.7,1,1.3,0.7,60
1.55,0.7,1,1.3,0.7,61
1.55,0.7,1,1.3,0.7,62
1.55,0.7,1,1.3,0.7,63
1.55,0.7,1,1.3,0.7,64
1.55,0.7,1,1.3,0.7,65
1.475,0.7,1,1.3,0.65,66
1.475,0.7,1,1.3,0.65,67
1.4662,0.7,0.98246,1.3,0.65,68
1.4662,0.7,0.98246,1.3,0.65,69
1.3912,0.7,0.98246,1.3,0.6,70
1.3868,0.7,0.97368,1.3,0.6,71
1.3868,0.7,0.97368,1.3,0.6,72
1.3118,0.7,0.97368,1.3,0.55,73
1.2368,0.7,0.97368,1.3,0.5,74
1.2368,0.7,0.97368,1.3,0.5,75
1.1618,0.7,0.97368,1.3,0.45,76
1.0868,0.7,0.97368,1.3,0.4,77
0.93684,0.7,0.97368,1.3,0.3,78
0.85307,0.7,0.95614,1.3,0.25,79
0.8443,0.7,0.9386,1.3,0.25,80
0.76491,0.7,0.92982,1.3,0.2,81
0.76053,0.7,0.92105,1.3,0.2,82
0.75614,0.7,0.91228,1.3,0.2,83
0.75175,0.7,0.90351,1.3,0.2,84
0.72982,0.7,0.85965,1.3,0.2,85
0.76351,0.7,0.80702,1.3,0.24,86
0.72842,0.7,0.73684,1.3,0.24,87
0.587,0.7,0.59649,1.3,0.1925,88
0.62443,0.7,0.54386,1.3,0.235,89
0.66625,0.7,0.5,1.3,0.2775,90
0.69053,0.7,0.42105,1.3,0.32,91
0.68849,0.7,0.28947,1.3,0.3625,92
0.64901,0.7,0.21053,1.3,0.3625,93
0.81395,0.7,0.15789,1.3,0.49,94
0.88443,0.7,0.04386,1.3,0.575,95
0.99877,0.7,0.017544,1.3,0.66,96
1.1812,0.7,0,1.3,0.7875,97
1.1625,0.7,0,1.3,0.775,98
1.2863,0.7,0,1.3,0.8575,99
1.5,0.7,0,1.3,1,100
1.5,0.7,0,1.3,1,101
1.5,0.8,0,1.2,1,1
1.5,0.8,0,1.2,1,2
1.5,0.8,0,1.2,1,3
1.5,0.8,0,1.2,1,4
1.5,0.8,0,1.2,1,5
1.5,0.8,0,1.2,1,6
1.5,0.8,0,1.2,1,7
1.5,0.8,0,1.2,1,8
1.5,0.8,0,1.2,1,9
1.5,0.8,0,1.2,1,10
1.5,0.8,0,1.2,1,11
1.5,0.8,0,1.2,1,12
1.5,0.8,0,1.2,1,13
1.5,0.8,0,1.2,1,14
1.5,0.8,0,1.2,1,15
1.5,0.8,0,1.2,1,16
1.5,0.8,0,1.2,1,17
1.5,0.8,0,1.2,1,18
1.5,0.8,0,1.2,1,19
1.5,0.8,0,1.2,1,20
1.5,0.8,0,1.2,1,21
1.5044,0.8,0.0087719,1.2,1,22
1.5044,0.8,0.0087719,1.2,1,23
1.5351,0.8,0.070175,1.2,1,24
1.482,0.8,0.11404,1.2,0.95,25
1.4908,0.8,0.13158,1.2,0.95,26
1.5303,0.8,0.21053,1.2,0.95,27
1.5741,0.8,0.29825,1.2,0.95,28
1.6136,0.8,0.37719,1.2,0.95,29
1.6443,0.8,0.4386,1.2,0.95,30
1.6882,0.8,0.52632,1.2,0.95,31
1.7276,0.8,0.60526,1.2,0.95,32
1.7496,0.8,0.64912,1.2,0.95,33
1.789,0.8,0.72807,1.2,0.95,34
1.736,0.8,0.77193,1.2,0.9,35
1.7491,0.8,0.79825,1.2,0.9,36
1.7711,0.8,0.84211,1.2,0.9,37
1.7886,0.8,0.87719,1.2,0.9,38
1.7974,0.8,0.89474,1.2,0.9,39
1.7974,0.8,0.89474,1.2,0.9,40
1.8193,0.8,0.9386,1.2,0.9,41
1.8193,0.8,0.9386,1.2,0.9,42
1.8325,0.8,0.96491,1.2,0.9,43
1.8368,0.8,0.97368,1.2,0.9,44
1.8368,0.8,0.97368,1.2,0.9,45
1.8412,0.8,0.98246,1.2,0.9,46
1.8412,0.8,0.98246,1.2,0.9,47
1.8412,0.8,0.98246,1.2,0.9,48
1.7662,0.8,0.98246,1.2,0.85,49
1.7662,0.8,0.98246,1.2,0.85,50
1.6206,0.8,0.99123,1.2,0.75,51
1.625,0.8,1,1.2,0.75,52
1.625,0.8,1,1.2,0.75,53
1.625,0.8,1,1.2,0.75,54
1.625,0.8,1,1.2,0.75,55
1.625,0.8,1,1.2,0.75,56
1.625,0.8,1,1.2,0.75,57
1.625,0.8,1,1.2,0.75,58
1.625,0.8,1,1.2,0.75,59
1.55,0.8,1,1.2,0.7,60
1.55,0.8,1,1.2,0.7,61
1.55,0.8,1,1.2,0.7,62
1.55,0.8,1,1.2,0.7,63
1.55,0.8,1,1.2,0.7,64
1.55,0.8,1,1.2,0.7,65
1.475,0.8,1,1.2,0.65,66
1.475,0.8,1,1.2,0.65,67
1.4662,0.8,0.98246,1.2,0.65,68
1.4662,0.8,0.98246,1.2,0.65,69
1.3912,0.8,0.98246,1.2,0.6,70
1.3868,0.8,0.97368,1.2,0.6,71
1.3868,0.8,0.97368,1.2,0.6,72
1.3118,0.8,0.97368,1.2,0.55,73
1.2368,0.8,0.97368,1.2,0.5,74
1.2368,0.8,0.97368,1.2,0.5,75
1.1618,0.8,0.97368,1.2,0.45,76
1.0868,0.8,0.97368,1.2,0.4,77
0.93684,0.8,0.97368,1.2,0.3,78
0.85307,0.8,0.95614,1.2,0.25,79
0.8443,0.8,0.9386,1.2,0.25,80
0.76491,0.8,0.92982,1.2,0.2,81
0.76053,0.8,0.92105,1.2,0.2,82
0.75614,0.8,0.91228,1.2,0.2,83
0.75175,0.8,0.90351,1.2,0.2,84
0.72982,0.8,0.85965,1.2,0.2,85
0.76351,0.8,0.80702,1.2,0.24,86
0.72842,0.8,0.73684,1.2,0.24,87
0.587,0.8,0.59649,1.2,0.1925,88
0.62443,0.8,0.54386,1.2,0.235,89
0.66625,0.8,0.5,1.2,0.2775,90
0.69053,0.8,0.42105,1.2,0.32,91
0.68849,0.8,0.28947,1.2,0.3625,92
0.64901,0.8,0.21053,1.2,0.3625,93
0.81395,0.8,0.15789,1.2,0.49,94
0.88443,0.8,0.04386,1.2,0.575,95
0.99877,0.8,0.017544,1.2,0.66,96
1.1812,0.8,0,1.2,0.7875,97
1.1625,0.8,0,1.2,0.775,98
1.2863,0.8,0,1.2,0.8575,99
1.5,0.8,0,1.2,1,100
1.5,0.8,0,1.2,1,101
1.5,0.9,0,1.1,1,1
1.5,0.9,0,1.1,1,2
1.5,0.9,0,1.1,1,3
1.5,0.9,0,1.1,1,4
1.5,0.9,0,1.1,1,5
1.5,0.9,0,1.1,1,6
1.5,0.9,0,1.1,1,7
1.5,0.9,0,1.1,1,8
1.5,0.9,0,1.1,1,9
1.5,0.9,0,1.1,1,10
1.5,0.9,0,1.1,1,11
1.5,0.9,0,1.1,1,12
1.5,0.9,0,1.1,1,13
1.5,0.9,0,1.1,1,14
1.5,0.9,0,1.1,1,15
1.5,0.9,0,1.1,1,16
1.5,0.9,0,1.1,1,17
1.5,0.9,0,1.1,1,18
1.5,0.9,0,1.1,1,19
1.5,0.9,0,1.1,1,20
1.5,0.9,0,1.1,1,21
1.5044,0.9,0.0087719,1.1,1,22
1.5044,0.9,0.0087719,1.1,1,23
1.5351,0.9,0.070175,1.1,1,24
1.482,0.9,0.11404,1.1,0.95,25
1.4908,0.9,0.13158,1.1,0.95,26
1.5303,0.9,0.21053,1.1,0.95,27
1.5741,0.9,0.29825,1.1,0.95,28
1.6136,0.9,0.37719,1.1,0.95,29
1.6443,0.9,0.4386,1.1,0.95,30
1.6882,0.9,0.52632,1.1,0.95,31
1.7276,0.9,0.60526,1.1,0.95,32
1.7496,0.9,0.64912,1.1,0.95,33
1.789,0.9,0.72807,1.1,0.95,34
1.736,0.9,0.77193,1.1,0.9,35
1.7491,0.9,0.79825,1.1,0.9,36
1.7711,0.9,0.84211,1.1,0.9,37
1.7886,0.9,0.87719,1.1,0.9,38
1.7974,0.9,0.89474,1.1,0.9,39
1.7974,0.9,0.89474,1.1,0.9,40
1.8193,0.9,0.9386,1.1,0.9,41
1.8193,0.9,0.9386,1.1,0.9,42
1.8325,0.9,0.96491,1.1,0.9,43
1.8368,0.9,0.97368,1.1,0.9,44
1.8368,0.9,0.97368,1.1,0.9,45
1.8412,0.9,0.98246,1.1,0.9,46
1.8412,0.9,0.98246,1.1,0.9,47
1.8412,0.9,0.98246,1.1,0.9,48
1.7662,0.9,0.98246,1.1,0.85,49
1.7662,0.9,0.98246,1.1,0.85,50
1.6206,0.9,0.99123,1.1,0.75,51
1.625,0.9,1,1.1,0.75,52
1.625,0.9,1,1.1,0.75,53
1.625,0.9,1,1.1,0.75,54
1.625,0.9,1,1.1,0.75,55
1.625,0.9,1,1.1,0.75,56
1.625,0.9,1,1.1,0.75,57
1.625,0.9,1,1.1,0.75,58
1.625,0.9,1,1.1,0.75,59
1.55,0.9,1,1.1,0.7,60
1.55,0.9,1,1.1,0.7,61
1.55,0.9,1,1.1,0.7,62
1.55,0.9,1,1.1,0.7,63
1.55,0.9,1,1.1,0.7,64
1.55,0.9,1,1.1,0.7,65
1.475,0.9,1,1.1,0.65,66
1.475,0.9,1,1.1,0.65,67
1.4662,0.9,0.98246,1.1,0.65,68
1.4662,0.9,0.98246,1.1,0.65,69
1.3912,0.9,0.98246,1.1,0.6,70
1.3868,0.9,0.97368,1.1,0.6,71
1.3868,0.9,0.97368,1.1,0.6,72
1.3118,0.9,0.97368,1.1,0.55,73
1.2368,0.9,0.97368,1.1,0.5,74
1.2368,0.9,0.97368,1.1,0.5,75
1.1618,0.9,0.97368,1.1,0.45,76
1.0868,0.9,0.97368,1.1,0.4,77
0.93684,0.9,0.97368,1.1,0.3,78
0.85307,0.9,0.95614,1.1,0.25,79
0.8443,0.9,0.9386,1.1,0.25,80
0.76491,0.9,0.92982,1.1,0.2,81
0.76053,0.9,0.92105,1.1,0.2,82
0.75614,0.9,0.91228,1.1,0.2,83
0.75175,0.9,0.90351,1.1,0.2,84
0.72982,0.9,0.85965,1.1,0.2,85
0.76351,0.9,0.80702,1.1,0.24,86
0.72842,0.9,0.73684,1.1,0.24,87
0.587,0.9,0.59649,1.1,0.1925,88
0.62443,0.9,0.54386,1.1,0.235,89
0.66625,0.9,0.5,1.1,0.2775,90
0.69053,0.9,0.42105,1.1,0.32,91
0.68849,0.9,0.28947,1.1,0.3625,92
0.64901,0.9,0.21053,1.1,0.3625,93
0.81395,0.9,0.15789,1.1,0.49,94
0.88443,0.9,0.04386,1.1,0.575,95
0.99877,0.9,0.017544,1.1,0.66,96
1.1812,0.9,0,1.1,0.7875,97
1.1625,0.9,0,1.1,0.775,98
1.2863,0.9,0,1.1,0.8575,99
1.5,0.9,0,1.1,1,100
1.5,0.9,0,1.1,1,101
1.5,1,0,1,1,1
1.5,1,0,1,1,2
1.5,1,0,1,1,3
1.5,1,0,1,1,4
1.5,1,0,1,1,5
1.5,1,0,1,1,6
1.5,1,0,1,1,7
1.5,1,0,1,1,8
1.5,1,0,1,1,9
1.5,1,0,1,1,10
1.5,1,0,1,1,11
1.5,1,0,1,1,12
1.5,1,0,1,1,13
1.5,1,0,1,1,14
1.5,1,0,1,1,15
1.5,1,0,1,1,16
1.5,1,0,1,1,17
1.5,1,0,1,1,18
1.5,1,0,1,1,19
1.5,1,0,1,1,20
1.5,1,0,1,1,21
1.5044,1,0.0087719,1,1,22
1.5044,1,0.0087719,1,1,23
1.5351,1,0.070175,1,1,24
1.482,1,0.11404,1,0.95,25
1.4908,1,0.13158,1,0.95,26
1.5303,1,0.21053,1,0.95,27
1.5741,1,0.29825,1,0.95,28
1.6136,1,0.37719,1,0.95,29
1.6443,1,0.4386,1,0.95,30
1.6882,1,0.52632,1,0.95,31
1.7276,1,0.60526,1,0.95,32
1.7496,1,0.64912,1,0.95,33
1.789,1,0.72807,1,0.95,34
1.736,1,0.77193,1,0.9,35
1.7491,1,0.79825,1,0.9,36
1.7711,1,0.84211,1,0.9,37
1.7886,1,0.87719,1,0.9,38
1.7974,1,0.89474,1,0.9,39
1.7974,1,0.89474,1,0.9,40
1.8193,1,0.9386,1,0.9,41
1.8193,1,0.9386,1,0.9,42
1.8325,1,0.96491,1,0.9,43
1.8368,1,0.97368,1,0.9,44
1.8368,1,0.97368,1,0.9,45
1.8412,1,0.98246,1,0.9,46
1.8412,1,0.98246,1,0.9,47
1.8412,1,0.98246,1,0.9,48
1.7662,1,0.98246,1,0.85,49
1.7662,1,0.98246,1,0.85,50
1.6206,1,0.99123,1,0.75,51
1.625,1,1,1,0.75,52
1.625,1,1,1,0.75,53
1.625,1,1,1,0.75,54
1.625,1,1,1,0.75,55
1.625,1,1,1,0.75,56
1.625,1,1,1,0.75,57
1.625,1,1,1,0.75,58
1.625,1,1,1,0.75,59
1.55,1,1,1,0.7,60
1.55,1,1,1,0.7,61
1.55,1,1,1,0.7,62
1.55,1,1,1,0.7,63
1.55,1,1,1,0.7,64
1.55,1,1,1,0.7,65
1.475,1,1,1,0.65,66
1.475,1,1,1,0.65,67
1.4662,1,0.98246,1,0.65,68
1.4662,1,0.98246,1,0.65,69
1.3912,1,0.98246,1,0.6,70
1.3868,1,0.97368,1,0.6,71
1.3868,1,0.97368,1,0.6,72
1.3118,1,0.97368,1,0.55,73
1.2368,1,0.97368,1,0.5,74
1.2368,1,0.97368,1,0.5,75
1.1618,1,0.97368,1,0.45,76
1.0868,1,0.97368,1,0.4,77
0.93684,1,0.97368,1,0.3,78
0.85307,1,0.95614,1,0.25,79
0.8443,1,0.9386,1,0.25,80
0.76491,1,0.92982,1,0.2,81
0.76053,1,0.92105,1,0.2,82
0.75614,1,0.91228,1,0.2,83
0.75175,1,0.90351,1,0.2,84
0.72982,1,0.85965,1,0.2,85
0.76351,1,0.80702,1,0.24,86
0.72842,1,0.73684,1,0.24,87
0.587,1,0.59649,1,0.1925,88
0.62443,1,0.54386,1,0.235,89
0.66625,1,0.5,1,0.2775,90
0.69053,1,0.42105,1,0.32,91
0.68849,1,0.28947,1,0.3625,92
0.64901,1,0.21053,1,0.3625,93
0.81395,1,0.15789,1,0.49,94
0.88443,1,0.04386,1,0.575,95
0.99877,1,0.017544,1,0.66,96
1.1812,1,0,1,0.7875,97
1.1625,1,0,1,0.775,98
1.2863,1,0,1,0.8575,99
1.5,1,0,1,1,100
1.5,1,0,1,1,101
1.5,1.1,0,0.9,1,1
1.5,1.1,0,0.9,1,2
1.5,1.1,0,0.9,1,3
1.5,1.1,0,0.9,1,4
1.5,1.1,0,0.9,1,5
1.5,1.1,0,0.9,1,6
1.5,1.1,0,0.9,1,7
1.5,1.1,0,0.9,1,8
1.5,1.1,0,0.9,1,9
1.5,1.1,0,0.9,1,10
1.5,1.1,0,0.9,1,11
1.5,1.1,0,0.9,1,12
1.5,1.1,0,0.9,1,13
1.5,1.1,0,0.9,1,14
1.5,1.1,0,0.9,1,15
1.5,1.1,0,0.9,1,16
1.5,1.1,0,0.9,1,17
1.5,1.1,0,0.9,1,18
1.5,1.1,0,0.9,1,19
1.5,1.1,0,0.9,1,20
1.5,1.1,0,0.9,1,21
1.5044,1.1,0.0087719,0.9,1,22
1.5044,1.1,0.0087719,0.9,1,23
1.5351,1.1,0.070175,0.9,1,24
1.482,1.1,0.11404,0.9,0.95,25
1.4908,1.1,0.13158,0.9,0.95,26
1.5303,1.1,0.21053,0.9,0.95,27
1.5741,1.1,0.29825,0.9,0.95,28
1.6136,1.1,0.37719,0.9,0.95,29
1.6443,1.1,0.4386,0.9,0.95,30
1.6882,1.1,0.52632,0.9,0.95,31
1.7276,1.1,0.60526,0.9,0.95,32
1.7496,1.1,0.64912,0.9,0.95,33
1.789,1.1,0.72807,0.9,0.95,34
1.736,1.1,0.77193,0.9,0.9,35
1.7491,1.1,0.79825,0.9,0.9,36
1.7711,1.1,0.84211,0.9,0.9,37
1.7886,1.1,0.87719,0.9,0.9,38
1.7974,1.1,0.89474,0.9,0.9,39
1.7974,1.1,0.89474,0.9,0.9,40
1.8193,1.1,0.9386,0.9,0.9,41
1.8193,1.1,0.9386,0.9,0.9,42
1.8325,1.1,0.96491,0.9,0.9,43
1.8368,1.1,0.97368,0.9,0.9,44
1.8368,1.1,0.97368,0.9,0.9,45
1.8412,1.1,0.98246,0.9,0.9,46
1.8412,1.1,0.98246,0.9,0.9,47
1.8412,1.1,0.98246,0.9,0.9,48
1.7662,1.1,0.98246,0.9,0.85,49
1.7662,1.1,0.98246,0.9,0.85,50
1.6206,1.1,0.99123,0.9,0.75,51
1.625,1.1,1,0.9,0.75,52
1.625,1.1,1,0.9,0.75,53
1.625,1.1,1,0.9,0.75,54
1.625,1.1,1,0.9,0.75,55
1.625,1.1,1,0.9,0.75,56
1.625,1.1,1,0.9,0.75,57
1.625,1.1,1,0.9,0.75,58
1.625,1.1,1,0.9,0.75,59
1.55,1.1,1,0.9,0.7,60
1.55,1.1,1,0.9,0.7,61
1.55,1.1,1,0.9,0.7,62
1.55,1.1,1,0.9,0.7,63
1.55,1.1,1,0.9,0.7,64
1.55,1.1,1,0.9,0.7,65
1.475,1.1,1,0.9,0.65,66
1.475,1.1,1,0.9,0.65,67
1.4662,1.1,0.98246,0.9,0.65,68
1.4662,1.1,0.98246,0.9,0.65,69
1.3912,1.1,0.98246,0.9,0.6,70
1.3868,1.1,0.97368,0.9,0.6,71
1.3868,1.1,0.97368,0.9,0.6,72
1.3118,1.1,0.97368,0.9,0.55,73
1.2368,1.1,0.97368,0.9,0.5,74
1.2368,1.1,0.97368,0.9,0.5,75
1.1618,1.1,0.97368,0.9,0.45,76
1.0868,1.1,0.97368,0.9,0.4,77
0.93684,1.1,0.97368,0.9,0.3,78
0.85307,1.1,0.95614,0.9,0.25,79
0.8443,1.1,0.9386,0.9,0.25,80
0.76491,1.1,0.92982,0.9,0.2,81
0.76053,1.1,0.92105,0.9,0.2,82
0.75614,1.1,0.91228,0.9,0.2,83
0.75175,1.1,0.90351,0.9,0.2,84
0.72982,1.1,0.85965,0.9,0.2,85
0.76351,1.1,0.80702,0.9,0.24,86
0.72842,1.1,0.73684,0.9,0.24,87
0.587,1.1,0.59649,0.9,0.1925,88
0.62443,1.1,0.54386,0.9,0.235,89
0.66625,1.1,0.5,0.9,0.2775,90
0.69053,1.1,0.42105,0.9,0.32,91
0.68849,1.1,0.28947,0.9,0.3625,92
0.64901,1.1,0.21053,0.9,0.3625,93
0.81395,1.1,0.15789,0.9,0.49,94
0.88443,1.1,0.04386,0.9,0.575,95
0.99877,1.1,0.017544,0.9,0.66,96
1.1812,1.1,0,0.9,0.7875,97
1.1625,1.1,0,0.9,0.775,98
1.2863,1.1,0,0.9,0.8575,99
1.5,1.1,0,0.9,1,100
1.5,1.1,0,0.9,1,101
1.5,1.2,0,0.8,1,1
1.5,1.2,0,0.8,1,2
1.5,1.2,0,0.8,1,3
1.5,1.2,0,0.8,1,4
1.5,1.2,0,0.8,1,5
1.5,1.2,0,0.8,1,6
1.5,1.2,0,0.8,1,7
1.5,1.2,0,0.8,1,8
1.5,1.2,0,0.8,1,9
1.5,1.2,0,0.8,1,10
1.5,1.2,0,0.8,1,11
1.5,1.2,0,0.8,1,12
1.5,1.2,0,0.8,1,13
1.5,1.2,0,0.8,1,14
1.5,1.2,0,0.8,1,15
1.5,1.2,0,0.8,1,16
1.5,1.2,0,0.8,1,17
1.5,1.2,0,0.8,1,18
1.5,1.2,0,0.8,1,19
1.5,1.2,0,0.8,1,20
1.5,1.2,0,0.8,1,21
1.5044,1.2,0.0087719,0.8,1,22
1.5044,1.2,0.0087719,0.8,1,23
1.5351,1.2,0.070175,0.8,1,24
1.482,1.2,0.11404,0.8,0.95,25
1.4908,1.2,0.13158,0.8,0.95,26
1.5303,1.2,0.21053,0.8,0.95,27
1.5741,1.2,0.29825,0.8,0.95,28
1.6136,1.2,0.37719,0.8,0.95,29
1.6443,1.2,0.4386,0.8,0.95,30
1.6882,1.2,0.52632,0.8,0.95,31
1.7276,1.2,0.60526,0.8,0.95,32
1.7496,1.2,0.64912,0.8,0.95,33
1.789,1.2,0.72807,0.8,0.95,34
1.736,1.2,0.77193,0.8,0.9,35
1.7491,1.2,0.79825,0.8,0.9,36
1.7711,1.2,0.84211,0.8,0.9,37
1.7886,1.2,0.87719,0.8,0.9,38
1.7974,1.2,0.89474,0.8,0.9,39
1.7974,1.2,0.89474,0.8,0.9,40
1.8193,1.2,0.9386,0.8,0.9,41
1.8193,1.2,0.9386,0.8,0.9,42
1.8325,1.2,0.96491,0.8,0.9,43
1.8368,1.2,0.97368,0.8,0.9,44
1.8368,1.2,0.97368,0.8,0.9,45
1.8412,1.2,0.98246,0.8,0.9,46
1.8412,1.2,0.98246,0.8,0.9,47
1.8412,1.2,0.98246,0.8,0.9,48
1.7662,1.2,0.98246,0.8,0.85,49
1.7662,1.2,0.98246,0.8,0.85,50
1.6206,1.2,0.99123,0.8,0.75,51
1.625,1.2,1,0.8,0.75,52
1.625,1.2,1,0.8,0.75,53
1.625,1.2,1,0.8,0.75,54
1.625,1.2,1,0.8,0.75,55
1.625,1.2,1,0.8,0.75,56
1.625,1.2,1,0.8,0.75,57
1.625,1.2,1,0.8,0.75,58
1.625,1.2,1,0.8,0.75,59
1.55,1.2,1,0.8,0.7,60
1.55,1.2,1,0.8,0.7,61
1.55,1.2,1,0.8,0.7,62
1.55,1.2,1,0.8,0.7,63
1.55,1.2,1,0.8,0.7,64
1.55,1.2,1,0.8,0.7,65
1.475,1.2,1,0.8,0.65,66
1.475,1.2,1,0.8,0.65,67
1.4662,1.2,0.98246,0.8,0.65,68
1.4662,1.2,0.98246,0.8,0.65,69
1.3912,1.2,0.98246,0.8,0.6,70
1.3868,1.2,0.97368,0.8,0.6,71
1.3868,1.2,0.97368,0.8,0.6,72
1.3118,1.2,0.97368,0.8,0.55,73
1.2368,1.2,0.97368,0.8,0.5,74
1.2368,1.2,0.97368,0.8,0.5,75
1.1618,1.2,0.97368,0.8,0.45,76
1.0868,1.2,0.97368,0.8,0.4,77
0.93684,1.2,0.97368,0.8,0.3,78
0.85307,1.2,0.95614,0.8,0.25,79
0.8443,1.2,0.9386,0.8,0.25,80
0.76491,1.2,0.92982,0.8,0.2,81
0.76053,1.2,0.92105,0.8,0.2,82
0.75614,1.2,0.91228,0.8,0.2,83
0.75175,1.2,0.90351,0.8,0.2,84
0.72982,1.2,0.85965,0.8,0.2,85
0.76351,1.2,0.80702,0.8,0.24,86
0.72842,1.2,0.73684,0.8,0.24,87
0.587,1.2,0.59649,0.8,0.1925,88
0.62443,1.2,0.54386,0.8,0.235,89
0.66625,1.2,0.5,0.8,0.2775,90
0.69053,1.2,0.42105,0.8,0.32,91
0.68849,1.2,0.28947,0.8,0.3625,92
0.64901,1.2,0.21053,0.8,0.3625,93
0.81395,1.2,0.15789,0.8,0.49,94
0.88443,1.2,0.04386,0.8,0.575,95
0.99877,1.2,0.017544,0.8,0.66,96
1.1812,1.2,0,0.8,0.7875,97
1.1625,1.2,0,0.8,0.775,98
1.2863,1.2,0,0.8,0.8575,99
1.5,1.2,0,0.8,1,100
1.5,1.2,0,0.8,1,101
1.5,1.3,0,0.7,1,1
1.5,1.3,0,0.7,1,2
1.5,1.3,0,0.7,1,3
1.5,1.3,0,0.7,1,4
1.5,1.3,0,0.7,1,5
1.5,1.3,0,0.7,1,6
1.5,1.3,0,0.7,1,7
1.5,1.3,0,0.7,1,8
1.5,1.3,0,0.7,1,9
1.5,1.3,0,0.7,1,10
1.5,1.3,0,0.7,1,11
1.5,1.3,0,0.7,1,12
1.5,1.3,0,0.7,1,13
1.5,1.3,0,0.7,1,14
1.5,1.3,0,0.7,1,15
1.5,1.3,0,0.7,1,16
1.5,1.3,0,0.7,1,17
1.5,1.3,0,0.7,1,18
1.5,1.3,0,0.7,1,19
1.5,1.3,0,0.7,1,20
1.5,1.3,0,0.7,1,21
1.5044,1.3,0.0087719,0.7,1,22
1.5044,1.3,0.0087719,0.7,1,23
1.5351,1.3,0.070175,0.7,1,24
1.482,1.3,0.11404,0.7,0.95,25
1.4908,1.3,0.13158,0.7,0.95,26
1.5303,1.3,0.21053,0.7,0.95,27
1.5741,1.3,0.29825,0.7,0.95,28
1.6136,1.3,0.37719,0.7,0.95,29
1.6443,1.3,0.4386,0.7,0.95,30
1.6882,1.3,0.52632,0.7,0.95,31
1.7276,1.3,0.60526,0.7,0.95,32
1.7496,1.3,0.64912,0.7,0.95,33
1.789,1.3,0.72807,0.7,0.95,34
1.736,1.3,0.77193,0.7,0.9,35
1.7491,1.3,0.79825,0.7,0.9,36
1.7711,1.3,0.84211,0.7,0.9,37
1.7886,1.3,0.87719,0.7,0.9,38
1.7974,1.3,0.89474,0.7,0.9,39
1.7974,1.3,0.89474,0.7,0.9,40
1.8193,1.3,0.9386,0.7,0.9,41
1.8193,1.3,0.9386,0.7,0.9,42
1.8325,1.3,0.96491,0.7,0.9,43
1.8368,1.3,0.97368,0.7,0.9,44
1.8368,1.3,0.97368,0.7,0.9,45
1.8412,1.3,0.98246,0.7,0.9,46
1.8412,1.3,0.98246,0.7,0.9,47
1.8412,1.3,0.98246,0.7,0.9,48
1.7662,1.3,0.98246,0.7,0.85,49
1.7662,1.3,0.98246,0.7,0.85,50
1.6206,1.3,0.99123,0.7,0.75,51
1.625,1.3,1,0.7,0.75,52
1.625,1.3,1,0.7,0.75,53
1.625,1.3,1,0.7,0.75,54
1.625,1.3,1,0.7,0.75,55
1.625,1.3,1,0.7,0.75,56
1.625,1.3,1,0.7,0.75,57
1.625,1.3,1,0.7,0.75,58
1.625,1.3,1,0.7,0.75,59
1.55,1.3,1,0.7,0.7,60
1.55,1.3,1,0.7,0.7,61
1.55,1.3,1,0.7,0.7,62
1.55,1.3,1,0.7,0.7,63
1.55,1.3,1,0.7,0.7,64
1.55,1.3,1,0.7,0.7,65
1.475,1.3,1,0.7,0.65,66
1.475,1.3,1,0.7,0.65,67
1.4662,1.3,0.98246,0.7,0.65,68
1.4662,1.3,0.98246,0.7,0.65,69
1.3912,1.3,0.98246,0.7,0.6,70
1.3868,1.3,0.97368,0.7,0.6,71
1.3868,1.3,0.97368,0.7,0.6,72
1.3118,1.3,0.97368,0.7,0.55,73
1.2368,1.3,0.97368,0.7,0.5,74
1.2368,1.3,0.97368,0.7,0.5,75
1.1618,1.3,0.97368,0.7,0.45,76
1.0868,1.3,0.97368,0.7,0.4,77
0.93684,1.3,0.97368,0.7,0.3,78
0.85307,1.3,0.95614,0.7,0.25,79
0.8443,1.3,0.9386,0.7,0.25,80
0.76491,1.3,0.92982,0.7,0.2,81
0.76053,1.3,0.92105,0.7,0.2,82
0.75614,1.3,0.91228,0.7,0.2,83
0.75175,1.3,0.90351,0.7,0.2,84
0.72982,1.3,0.85965,0.7,0.2,85
0.76351,1.3,0.80702,0.7,0.24,86
0.72842,1.3,0.73684,0.7,0.24,87
0.587,1.3,0.59649,0.7,0.1925,88
0.62443,1.3,0.54386,0.7,0.235,89
0.66625,1.3,0.5,0.7,0.2775,90
0.69053,1.3,0.42105,0.7,0.32,91
0.68849,1.3,0.28947,0.7,0.3625,92
0.64901,1.3,0.21053,0.7,0.3625,93
0.81395,1.3,0.15789,0.7,0.49,94
0.88443,1.3,0.04386,0.7,0.575,95
0.99877,1.3,0.017544,0.7,0.66,96
1.1812,1.3,0,0.7,0.7875,97
1.1625,1.3,0,0.7,0.775,98
1.2863,1.3,0,0.7,0.8575,99
1.5,1.3,0,0.7,1,100
1.5,1.3,0,0.7,1,101
1.5,1.4,0,0.6,1,1
1.5,1.4,0,0.6,1,2
1.5,1.4,0,0.6,1,3
1.5,1.4,0,0.6,1,4
1.5,1.4,0,0.6,1,5
1.5,1.4,0,0.6,1,6
1.5,1.4,0,0.6,1,7
1.5,1.4,0,0.6,1,8
1.5,1.4,0,0.6,1,9
1.5,1.4,0,0.6,1,10
1.5,1.4,0,0.6,1,11
1.5,1.4,0,0.6,1,12
1.5,1.4,0,0.6,1,13
1.5,1.4,0,0.6,1,14
1.5,1.4,0,0.6,1,15
1.5,1.4,0,0.6,1,16
1.5,1.4,0,0.6,1,17
1.5,1.4,0,0.6,1,18
1.5,1.4,0,0.6,1,19
1.5,1.4,0,0.6,1,20
1.5,1.4,0,0.6,1,21
1.5044,1.4,0.0087719,0.6,1,22
1.5044,1.4,0.0087719,0.6,1,23
1.5351,1.4,0.070175,0.6,1,24
1.482,1.4,0.11404,0.6,0.95,25
1.4908,1.4,0.13158,0.6,0.95,26
1.5303,1.4,0.21053,0.6,0.95,27
1.5741,1.4,0.29825,0.6,0.95,28
1.6136,1.4,0.37719,0.6,0.95,29
1.6443,1.4,0.4386,0.6,0.95,30
1.6882,1.4,0.52632,0.6,0.95,31
1.7276,1.4,0.60526,0.6,0.95,32
1.7496,1.4,0.64912,0.6,0.95,33
1.789,1.4,0.72807,0.6,0.95,34
1.736,1.4,0.77193,0.6,0.9,35
1.7491,1.4,0.79825,0.6,0.9,36
1.7711,1.4,0.84211,0.6,0.9,37
1.7886,1.4,0.87719,0.6,0.9,38
1.7974,1.4,0.89474,0.6,0.9,39
1.7974,1.4,0.89474,0.6,0.9,40
1.8193,1.4,0.9386,0.6,0.9,41
1.8193,1.4,0.9386,0.6,0.9,42
1.8325,1.4,0.96491,0.6,0.9,43
1.8368,1.4,0.97368,0.6,0.9,44
1.8368,1.4,0.97368,0.6,0.9,45
1.8412,1.4,0.98246,0.6,0.9,46
1.8412,1.4,0.98246,0.6,0.9,47
1.8412,1.4,0.98246,0.6,0.9,48
1.7662,1.4,0.98246,0.6,0.85,49
1.7662,1.4,0.98246,0.6,0.85,50
1.6206,1.4,0.99123,0.6,0.75,51
1.625,1.4,1,0.6,0.75,52
1.625,1.4,1,0.6,0.75,53
1.625,1.4,1,0.6,0.75,54
1.625,1.4,1,0.6,0.75,55
1.625,1.4,1,0.6,0.75,56
1.625,1.4,1,0.6,0.75,57
1.625,1.4,1,0.6,0.75,58
1.625,1.4,1,0.6,0.75,59
1.55,1.4,1,0.6,0.7,60
1.55,1.4,1,0.6,0.7,61
1.55,1.4,1,0.6,0.7,62
1.55,1.4,1,0.6,0.7,63
1.55,1.4,1,0.6,0.7,64
1.55,1.4,1,0.6,0.7,65
1.475,1.4,1,0.6,0.65,66
1.475,1.4,1,0.6,0.65,67
1.4662,1.4,0.98246,0.6,0.65,68
1.4662,1.4,0.98246,0.6,0.65,69
1.3912,1.4,0.98246,0.6,0.6,70
1.3868,1.4,0.97368,0.6,0.6,71
1.3868,1.4,0.97368,0.6,0.6,72
1.3118,1.4,0.97368,0.6,0.55,73
1.2368,1.4,0.97368,0.6,0.5,74
1.2368,1.4,0.97368,0.6,0.5,75
1.1618,1.4,0.97368,0.6,0.45,76
1.0868,1.4,0.97368,0.6,0.4,77
0.93684,1.4,0.97368,0.6,0.3,78
0.85307,1.4,0.95614,0.6,0.25,79
0.8443,1.4,0.9386,0.6,0.25,80
0.76491,1.4,0.92982,0.6,0.2,81
0.76053,1.4,0.92105,0.6,0.2,82
0.75614,1.4,0.91228,0.6,0.2,83
0.75175,1.4,0.90351,0.6,0.2,84
0.72982,1.4,0.85965,0.6,0.2,85
0.76351,1.4,0.80702,0.6,0.24,86
0.72842,1.4,0.73684,0.6,0.24,87
0.587,1.4,0.59649,0.6,0.1925,88
0.62443,1.4,0.54386,0.6,0.235,89
0.66625,1.4,0.5,0.6,0.2775,90
0.69053,1.4,0.42105,0.6,0.32,91
0.68849,1.4,0.28947,0.6,0.3625,92
0.64901,1.4,0.21053,0.6,0.3625,93
0.81395,1.4,0.15789,0.6,0.49,94
0.88443,1.4,0.04386,0.6,0.575,95
0.99877,1.4,0.017544,0.6,0.66,96
1.1812,1.4,0,0.6,0.7875,97
1.1625,1.4,0,0.6,0.775,98
1.2863,1.4,0,0.6,0.8575,99
1.5,1.4,0,0.6,1,100
1.5,1.4,0,0.6,1,101
1.5,1.5,0,0.5,1,1
1.5,1.5,0,0.5,1,2
1.5,1.5,0,0.5,1,3
1.5,1.5,0,0.5,1,4
1.5,1.5,0,0.5,1,5
1.5,1.5,0,0.5,1,6
1.5,1.5,0,0.5,1,7
1.5,1.5,0,0.5,1,8
1.5,1.5,0,0.5,1,9
1.5,1.5,0,0.5,1,10
1.5,1.5,0,0.5,1,11
1.5,1.5,0,0.5,1,12
1.5,1.5,0,0.5,1,13
1.5,1.5,0,0.5,1,14
1.5,1.5,0,0.5,1,15
1.5,1.5,0,0.5,1,16
1.5,1.5,0,0.5,1,17
1.5,1.5,0,0.5,1,18
1.5,1.5,0,0.5,1,19
1.5,1.5,0,0.5,1,20
1.5,1.5,0,0.5,1,21
1.5044,1.5,0.0087719,0.5,1,22
1.5044,1.5,0.0087719,0.5,1,23
1.5351,1.5,0.070175,0.5,1,24
1.482,1.5,0.11404,0.5,0.95,25
1.4908,1.5,0.13158,0.5,0.95,26
1.5303,1.5,0.21053,0.5,0.95,27
1.5741,1.5,0.29825,0.5,0.95,28
1.6136,1.5,0.37719,0.5,0.95,29
1.6443,1.5,0.4386,0.5,0.95,30
1.6882,1.5,0.52632,0.5,0.95,31
1.7276,1.5,0.60526,0.5,0.95,32
1.7496,1.5,0.64912,0.5,0.95,33
1.789,1.5,0.72807,0.5,0.95,34
1.736,1.5,0.77193,0.5,0.9,35
1.7491,1.5,0.79825,0.5,0.9,36
1.7711,1.5,0.84211,0.5,0.9,37
1.7886,1.5,0.87719,0.5,0.9,38
1.7974,1.5,0.89474,0.5,0.9,39
1.7974,1.5,0.89474,0.5,0.9,40
1.8193,1.5,0.9386,0.5,0.9,41
1.8193,1.5,0.9386,0.5,0.9,42
1.8325,1.5,0.96491,0.5,0.9,43
1.8368,1.5,0.97368,0.5,0.9,44
1.8368,1.5,0.97368,0.5,0.9,45
1.8412,1.5,0.98246,0.5,0.9,46
1.8412,1.5,0.98246,0.5,0.9,47
1.8412,1.5,0.98246,0.5,0.9,48
1.7662,1.5,0.98246,0.5,0.85,49
1.7662,1.5,0.98246,0.5,0.85,50
1.6206,1.5,0.99123,0.5,0.75,51
1.625,1.5,1,0.5,0.75,52
1.625,1.5,1,0.5,0.75,53
1.625,1.5,1,0.5,0.75,54
1.625,1.5,1,0.5,0.75,55
1.625,1.5,1,0.5,0.75,56
1.625,1.5,1,0.5,0.75,57
1.625,1.5,1,0.5,0.75,58
1.625,1.5,1,0.5,0.75,59
1.55,1.5,1,0.5,0.7,60
1.55,1.5,1,0.5,0.7,61
1.55,1.5,1,0.5,0.7,62
1.55,1.5,1,0.5,0.7,63
1.55,1.5,1,0.5,0.7,64
1.55,1.5,1,0.5,0.7,65
1.475,1.5,1,0.5,0.65,66
1.475,1.5,1,0.5,0.65,67
1.4662,1.5,0.98246,0.5,0.65,68
1.4662,1.5,0.98246,0.5,0.65,69
1.3912,1.5,0.98246,0.5,0.6,70
1.3868,1.5,0.97368,0.5,0.6,71
1.3868,1.5,0.97368,0.5,0.6,72
1.3118,1.5,0.97368,0.5,0.55,73
1.2368,1.5,0.97368,0.5,0.5,74
1.2368,1.5,0.97368,0.5,0.5,75
1.1618,1.5,0.97368,0.5,0.45,76
1.0868,1.5,0.97368,0.5,0.4,77
0.93684,1.5,0.97368,0.5,0.3,78
0.85307,1.5,0.95614,0.5,0.25,79
0.8443,1.5,0.9386,0.5,0.25,80
0.76491,1.5,0.92982,0.5,0.2,81
0.76053,1.5,0.92105,0.5,0.2,82
0.75614,1.5,0.91228,0.5,0.2,83
0.75175,1.5,0.90351,0.5,0.2,84
0.72982,1.5,0.85965,0.5,0.2,85
0.76351,1.5,0.80702,0.5,0.24,86
0.72842,1.5,0.73684,0.5,0.24,87
0.587,1.5,0.59649,0.5,0.1925,88
0.62443,1.5,0.54386,0.5,0.235,89
0.66625,1.5,0.5,0.5,0.2775,90
0.69053,1.5,0.42105,0.5,0.32,91
0.68849,1.5,0.28947,0.5,0.3625,92
0.64901,1.5,0.21053,0.5,0.3625,93
0.81395,1.5,0.15789,0.5,0.49,94
0.88443,1.5,0.04386,0.5,0.575,95
0.99877,1.5,0.017544,0.5,0.66,96
1.1812,1.5,0,0.5,0.7875,97
1.1625,1.5,0,0.5,0.775,98
1.2863,1.5,0,0.5,0.8575,99
1.5,1.5,0,0.5,1,100
1.5,1.5,0,0.5,1,101
1.5,1.6,0,0.4,1,1
1.5,1.6,0,0.4,1,2
1.5,1.6,0,0.4,1,3
1.5,1.6,0,0.4,1,4
1.5,1.6,0,0.4,1,5
1.5,1.6,0,0.4,1,6
1.5,1.6,0,0.4,1,7
1.5,1.6,0,0.4,1,8
1.5,1.6,0,0.4,1,9
1.5,1.6,0,0.4,1,10
1.5,1.6,0,0.4,1,11
1.5,1.6,0,0.4,1,12
1.5,1.6,0,0.4,1,13
1.5,1.6,0,0.4,1,14
1.5,1.6,0,0.4,1,15
1.5,1.6,0,0.4,1,16
1.5,1.6,0,0.4,1,17
1.5,1.6,0,0.4,1,18
1.5,1.6,0,0.4,1,19
1.5,1.6,0,0.4,1,20
1.5,1.6,0,0.4,1,21
1.5044,1.6,0.0087719,0.4,1,22
1.5044,1.6,0.0087719,0.4,1,23
1.5351,1.6,0.070175,0.4,1,24
1.482,1.6,0.11404,0.4,0.95,25
1.4908,1.6,0.13158,0.4,0.95,26
1.5303,1.6,0.21053,0.4,0.95,27
1.5741,1.6,0.29825,0.4,0.95,28
1.6136,1.6,0.37719,0.4,0.95,29
1.6443,1.6,0.4386,0.4,0.95,30
1.6882,1.6,0.52632,0.4,0.95,31
1.7276,1.6,0.60526,0.4,0.95,32
1.7496,1.6,0.64912,0.4,0.95,33
1.789,1.6,0.72807,0.4,0.95,34
1.736,1.6,0.77193,0.4,0.9,35
1.7491,1.6,0.79825,0.4,0.9,36
1.7711,1.6,0.84211,0.4,0.9,37
1.7886,1.6,0.87719,0.4,0.9,38
1.7974,1.6,0.89474,0.4,0.9,39
1.7974,1.6,0.89474,0.4,0.9,40
1.8193,1.6,0.9386,0.4,0.9,41
1.8193,1.6,0.9386,0.4,0.9,42
1.8325,1.6,0.96491,0.4,0.9,43
1.8368,1.6,0.97368,0.4,0.9,44
1.8368,1.6,0.97368,0.4,0.9,45
1.8412,1.6,0.98246,0.4,0.9,46
1.8412,1.6,0.98246,0.4,0.9,47
1.8412,1.6,0.98246,0.4,0.9,48
1.7662,1.6,0.98246,0.4,0.85,49
1.7662,1.6,0.98246,0.4,0.85,50
1.6206,1.6,0.99123,0.4,0.75,51
1.625,1.6,1,0.4,0.75,52
1.625,1.6,1,0.4,0.75,53
1.625,1.6,1,0.4,0.75,54
1.625,1.6,1,0.4,0.75,55
1.625,1.6,1,0.4,0.75,56
1.625,1.6,1,0.4,0.75,57
1.625,1.6,1,0.4,0.75,58
1.625,1.6,1,0.4,0.75,59
1.55,1.6,1,0.4,0.7,60
1.55,1.6,1,0.4,0.7,61
1.55,1.6,1,0.4,0.7,62
1.55,1.6,1,0.4,0.7,63
1.55,1.6,1,0.4,0.7,64
1.55,1.6,1,0.4,0.7,65
1.475,1.6,1,0.4,0.65,66
1.475,1.6,1,0.4,0.65,67
1.4662,1.6,0.98246,0.4,0.65,68
1.4662,1.6,0.98246,0.4,0.65,69
1.3912,1.6,0.98246,0.4,0.6,70
1.3868,1.6,0.97368,0.4,0.6,71
1.3868,1.6,0.97368,0.4,0.6,72
1.3118,1.6,0.97368,0.4,0.55,73
1.2368,1.6,0.97368,0.4,0.5,74
1.2368,1.6,0.97368,0.4,0.5,75
1.1618,1.6,0.97368,0.4,0.45,76
1.0868,1.6,0.97368,0.4,0.4,77
0.93684,1.6,0.97368,0.4,0.3,78
0.85307,1.6,0.95614,0.4,0.25,79
0.8443,1.6,0.9386,0.4,0.25,80
0.76491,1.6,0.92982,0.4,0.2,81
0.76053,1.6,0.92105,0.4,0.2,82
0.75614,1.6,0.91228,0.4,0.2,83
0.75175,1.6,0.90351,0.4,0.2,84
0.72982,1.6,0.85965,0.4,0.2,85
0.76351,1.6,0.80702,0.4,0.24,86
0.72842,1.6,0.73684,0.4,0.24,87
0.587,1.6,0.59649,0.4,0.1925,88
0.62443,1.6,0.54386,0.4,0.235,89
0.66625,1.6,0.5,0.4,0.2775,90
0.69053,1.6,0.42105,0.4,0.32,91
0.68849,1.6,0.28947,0.4,0.3625,92
0.64901,1.6,0.21053,0.4,0.3625,93
0.81395,1.6,0.15789,0.4,0.49,94
0.88443,1.6,0.04386,0.4,0.575,95
0.99877,1.6,0.017544,0.4,0.66,96
1.1812,1.6,0,0.4,0.7875,97
1.1625,1.6,0,0.4,0.775,98
1.2863,1.6,0,0.4,0.8575,99
1.5,1.6,0,0.4,1,100
1.5,1.6,0,0.4,1,101
1.5,1.7,0,0.3,1,1
1.5,1.7,0,0.3,1,2
1.5,1.7,0,0.3,1,3
1.5,1.7,0,0.3,1,4
1.5,1.7,0,0.3,1,5
1.5,1.7,0,0.3,1,6
1.5,1.7,0,0.3,1,7
1.5,1.7,0,0.3,1,8
1.5,1.7,0,0.3,1,9
1.5,1.7,0,0.3,1,10
1.5,1.7,0,0.3,1,11
1.5,1.7,0,0.3,1,12
1.5,1.7,0,0.3,1,13
1.5,1.7,0,0.3,1,14
1.5,1.7,0,0.3,1,15
1.5,1.7,0,0.3,1,16
1.5,1.7,0,0.3,1,17
1.5,1.7,0,0.3,1,18
1.5,1.7,0,0.3,1,19
1.5,1.7,0,0.3,1,20
1.5,1.7,0,0.3,1,21
1.5044,1.7,0.0087719,0.3,1,22
1.5044,1.7,0.0087719,0.3,1,23
1.5351,1.7,0.070175,0.3,1,24
1.482,1.7,0.11404,0.3,0.95,25
1.4908,1.7,0.13158,0.3,0.95,26
1.5303,1.7,0.21053,0.3,0.95,27
1.5741,1.7,0.29825,0.3,0.95,28
1.6136,1.7,0.37719,0.3,0.95,29
1.6443,1.7,0.4386,0.3,0.95,30
1.6882,1.7,0.52632,0.3,0.95,31
1.7276,1.7,0.60526,0.3,0.95,32
1.7496,1.7,0.64912,0.3,0.95,33
1.789,1.7,0.72807,0.3,0.95,34
1.736,1.7,0.77193,0.3,0.9,35
1.7491,1.7,0.79825,0.3,0.9,36
1.7711,1.7,0.84211,0.3,0.9,37
1.7886,1.7,0.87719,0.3,0.9,38
1.7974,1.7,0.89474,0.3,0.9,39
1.7974,1.7,0.89474,0.3,0.9,40
1.8193,1.7,0.9386,0.3,0.9,41
1.8193,1.7,0.9386,0.3,0.9,42
1.8325,1.7,0.96491,0.3,0.9,43
1.8368,1.7,0.97368,0.3,0.9,44
1.8368,1.7,0.97368,0.3,0.9,45
1.8412,1.7,0.98246,0.3,0.9,46
1.8412,1.7,0.98246,0.3,0.9,47
1.8412,1.7,0.98246,0.3,0.9,48
1.7662,1.7,0.98246,0.3,0.85,49
1.7662,1.7,0.98246,0.3,0.85,50
1.6206,1.7,0.99123,0.3,0.75,51
1.625,1.7,1,0.3,0.75,52
1.625,1.7,1,0.3,0.75,53
1.625,1.7,1,0.3,0.75,54
1.625,1.7,1,0.3,0.75,55
1.625,1.7,1,0.3,0.75,56
1.625,1.7,1,0.3,0.75,57
1.625,1.7,1,0.3,0.75,58
1.625,1.7,1,0.3,0.75,59
1.55,1.7,1,0.3,0.7,60
1.55,1.7,1,0.3,0.7,61
1.55,1.7,1,0.3,0.7,62
1.55,1.7,1,0.3,0.7,63
1.55,1.7,1,0.3,0.7,64
1.55,1.7,1,0.3,0.7,65
1.475,1.7,1,0.3,0.65,66
1.475,1.7,1,0.3,0.65,67
1.4662,1.7,0.98246,0.3,0.65,68
1.4662,1.7,0.98246,0.3,0.65,69
1.3912,1.7,0.98246,0.3,0.6,70
1.3868,1.7,0.97368,0.3,0.6,71
1.3868,1.7,0.97368,0.3,0.6,72
1.3118,1.7,0.97368,0.3,0.55,73
1.2368,1.7,0.97368,0.3,0.5,74
1.2368,1.7,0.97368,0.3,0.5,75
1.1618,1.7,0.97368,0.3,0.45,76
1.0868,1.7,0.97368,0.3,0.4,77
0.93684,1.7,0.97368,0.3,0.3,78
0.85307,1.7,0.95614,0.3,0.25,79
0.8443,1.7,0.9386,0.3,0.25,80
0.76491,1.7,0.92982,0.3,0.2,81
0.76053,1.7,0.92105,0.3,0.2,82
0.75614,1.7,0.91228,0.3,0.2,83
0.75175,1.7,0.90351,0.3,0.2,84
0.72982,1.7,0.85965,0.3,0.2,85
0.76351,1.7,0.80702,0.3,0.24,86
0.72842,1.7,0.73684,0.3,0.24,87
0.587,1.7,0.59649,0.3,0.1925,88
0.62443,1.7,0.54386,0.3,0.235,89
0.66625,1.7,0.5,0.3,0.2775,90
0.69053,1.7,0.42105,0.3,0.32,91
0.68849,1.7,0.28947,0.3,0.3625,92
0.64901,1.7,0.21053,0.3,0.3625,93
0.81395,1.7,0.15789,0.3,0.49,94
0.88443,1.7,0.04386,0.3,0.575,95
0.99877,1.7,0.017544,0.3,0.66,96
1.1812,1.7,0,0.3,0.7875,97
1.1625,1.7,0,0.3,0.775,98
1.2863,1.7,0,0.3,0.8575,99
1.5,1.7,0,0.3,1,100
1.5,1.7,0,0.3,1,101
1.5,1.8,0,0.2,1,1
1.5,1.8,0,0.2,1,2
1.5,1.8,0,0.2,1,3
1.5,1.8,0,0.2,1,4
1.5,1.8,0,0.2,1,5
1.5,1.8,0,0.2,1,6
1.5,1.8,0,0.2,1,7
1.5,1.8,0,0.2,1,8
1.5,1.8,0,0.2,1,9
1.5,1.8,0,0.2,1,10
1.5,1.8,0,0.2,1,11
1.5,1.8,0,0.2,1,12
1.5,1.8,0,0.2,1,13
1.5,1.8,0,0.2,1,14
1.5,1.8,0,0.2,1,15
1.5,1.8,0,0.2,1,16
1.5,1.8,0,0.2,1,17
1.5,1.8,0,0.2,1,18
1.5,1.8,0,0.2,1,19
1.5,1.8,0,0.2,1,20
1.5,1.8,0,0.2,1,21
1.5044,1.8,0.0087719,0.2,1,22
1.5044,1.8,0.0087719,0.2,1,23
1.5351,1.8,0.070175,0.2,1,24
1.482,1.8,0.11404,0.2,0.95,25
1.4908,1.8,0.13158,0.2,0.95,26
1.5303,1.8,0.21053,0.2,0.95,27
1.5741,1.8,0.29825,0.2,0.95,28
1.6136,1.8,0.37719,0.2,0.95,29
1.6443,1.8,0.4386,0.2,0.95,30
1.6882,1.8,0.52632,0.2,0.95,31
1.7276,1.8,0.60526,0.2,0.95,32
1.7496,1.8,0.64912,0.2,0.95,33
1.789,1.8,0.72807,0.2,0.95,34
1.736,1.8,0.77193,0.2,0.9,35
1.7491,1.8,0.79825,0.2,0.9,36
1.7711,1.8,0.84211,0.2,0.9,37
1.7886,1.8,0.87719,0.2,0.9,38
1.7974,1.8,0.89474,0.2,0.9,39
1.7974,1.8,0.89474,0.2,0.9,40
1.8193,1.8,0.9386,0.2,0.9,41
1.8193,1.8,0.9386,0.2,0.9,42
1.8325,1.8,0.96491,0.2,0.9,43
1.8368,1.8,0.97368,0.2,0.9,44
1.8368,1.8,0.97368,0.2,0.9,45
1.8412,1.8,0.98246,0.2,0.9,46
1.8412,1.8,0.98246,0.2,0.9,47
1.8412,1.8,0.98246,0.2,0.9,48
1.7662,1.8,0.98246,0.2,0.85,49
1.7662,1.8,0.98246,0.2,0.85,50
1.6206,1.8,0.99123,0.2,0.75,51
1.625,1.8,1,0.2,0.75,52
1.625,1.8,1,0.2,0.75,53
1.625,1.8,1,0.2,0.75,54
1.625,1.8,1,0.2,0.75,55
1.625,1.8,1,0.2,0.75,56
1.625,1.8,1,0.2,0.75,57
1.625,1.8,1,0.2,0.75,58
1.625,1.8,1,0.2,0.75,59
1.55,1.8,1,0.2,0.7,60
1.55,1.8,1,0.2,0.7,61
1.55,1.8,1,0.2,0.7,62
1.55,1.8,1,0.2,0.7,63
1.55,1.8,1,0.2,0.7,64
1.55,1.8,1,0.2,0.7,65
1.475,1.8,1,0.2,0.65,66
1.475,1.8,1,0.2,0.65,67
1.4662,1.8,0.98246,0.2,0.65,68
1.4662,1.8,0.98246,0.2,0.65,69
1.3912,1.8,0.98246,0.2,0.6,70
1.3868,1.8,0.97368,0.2,0.6,71
1.3868,1.8,0.97368,0.2,0.6,72
1.3118,1.8,0.97368,0.2,0.55,73
1.2368,1.8,0.97368,0.2,0.5,74
1.2368,1.8,0.97368,0.2,0.5,75
1.1618,1.8,0.97368,0.2,0.45,76
1.0868,1.8,0.97368,0.2,0.4,77
0.93684,1.8,0.97368,0.2,0.3,78
0.85307,1.8,0.95614,0.2,0.25,79
0.8443,1.8,0.9386,0.2,0.25,80
0.76491,1.8,0.92982,0.2,0.2,81
0.76053,1.8,0.92105,0.2,0.2,82
0.75614,1.8,0.91228,0.2,0.2,83
0.75175,1.8,0.90351,0.2,0.2,84
0.72982,1.8,0.85965,0.2,0.2,85
0.76351,1.8,0.80702,0.2,0.24,86
0.72842,1.8,0.73684,0.2,0.24,87
0.587,1.8,0.59649,0.2,0.1925,88
0.62443,1.8,0.54386,0.2,0.235,89
0.66625,1.8,0.5,0.2,0.2775,90
0.69053,1.8,0.42105,0.2,0.32,91
0.68849,1.8,0.28947,0.2,0.3625,92
0.64901,1.8,0.21053,0.2,0.3625,93
0.81395,1.8,0.15789,0.2,0.49,94
0.88443,1.8,0.04386,0.2,0.575,95
0.99877,1.8,0.017544,0.2,0.66,96
1.1812,1.8,0,0.2,0.7875,97
1.1625,1.8,0,0.2,0.775,98
1.2863,1.8,0,0.2,0.8575,99
1.5,1.8,0,0.2,1,100
1.5,1.8,0,0.2,1,101
1.5,1.9,0,0.1,1,1
1.5,1.9,0,0.1,1,2
1.5,1.9,0,0.1,1,3
1.5,1.9,0,0.1,1,4
1.5,1.9,0,0.1,1,5
1.5,1.9,0,0.1,1,6
1.5,1.9,0,0.1,1,7
1.5,1.9,0,0.1,1,8
1.5,1.9,0,0.1,1,9
1.5,1.9,0,0.1,1,10
1.5,1.9,0,0.1,1,11
1.5,1.9,0,0.1,1,12
1.5,1.9,0,0.1,1,13
1.5,1.9,0,0.1,1,14
1.5,1.9,0,0.1,1,15
1.5,1.9,0,0.1,1,16
1.5,1.9,0,0.1,1,17
1.5,1.9,0,0.1,1,18
1.5,1.9,0,0.1,1,19
1.5,1.9,0,0.1,1,20
1.5,1.9,0,0.1,1,21
1.5044,1.9,0.0087719,0.1,1,22
1.5044,1.9,0.0087719,0.1,1,23
1.5351,1.9,0.070175,0.1,1,24
1.482,1.9,0.11404,0.1,0.95,25
1.4908,1.9,0.13158,0.1,0.95,26
1.5303,1.9,0.21053,0.1,0.95,27
1.5741,1.9,0.29825,0.1,0.95,28
1.6136,1.9,0.37719,0.1,0.95,29
1.6443,1.9,0.4386,0.1,0.95,30
1.6882,1.9,0.52632,0.1,0.95,31
1.7276,1.9,0.60526,0.1,0.95,32
1.7496,1.9,0.64912,0.1,0.95,33
1.789,1.9,0.72807,0.1,0.95,34
1.736,1.9,0.77193,0.1,0.9,35
1.7491,1.9,0.79825,0.1,0.9,36
1.7711,1.9,0.84211,0.1,0.9,37
1.7886,1.9,0.87719,0.1,0.9,38
1.7974,1.9,0.89474,0.1,0.9,39
1.7974,1.9,0.89474,0.1,0.9,40
1.8193,1.9,0.9386,0.1,0.9,41
1.8193,1.9,0.9386,0.1,0.9,42
1.8325,1.9,0.96491,0.1,0.9,43
1.8368,1.9,0.97368,0.1,0.9,44
1.8368,1.9,0.97368,0.1,0.9,45
1.8412,1.9,0.98246,0.1,0.9,46
1.8412,1.9,0.98246,0.1,0.9,47
1.8412,1.9,0.98246,0.1,0.9,48
1.7662,1.9,0.98246,0.1,0.85,49
1.7662,1.9,0.98246,0.1,0.85,50
1.6206,1.9,0.99123,0.1,0.75,51
1.625,1.9,1,0.1,0.75,52
1.625,1.9,1,0.1,0.75,53
1.625,1.9,1,0.1,0.75,54
1.625,1.9,1,0.1,0.75,55
1.625,1.9,1,0.1,0.75,56
1.625,1.9,1,0.1,0.75,57
1.625,1.9,1,0.1,0.75,58
1.625,1.9,1,0.1,0.75,59
1.55,1.9,1,0.1,0.7,60
1.55,1.9,1,0.1,0.7,61
1.55,1.9,1,0.1,0.7,62
1.55,1.9,1,0.1,0.7,63
1.55,1.9,1,0.1,0.7,64
1.55,1.9,1,0.1,0.7,65
1.475,1.9,1,0.1,0.65,66
1.475,1.9,1,0.1,0.65,67
1.4662,1.9,0.98246,0.1,0.65,68
1.4662,1.9,0.98246,0.1,0.65,69
1.3912,1.9,0.98246,0.1,0.6,70
1.3868,1.9,0.97368,0.1,0.6,71
1.3868,1.9,0.97368,0.1,0.6,72
1.3118,1.9,0.97368,0.1,0.55,73
1.2368,1.9,0.97368,0.1,0.5,74
1.2368,1.9,0.97368,0.1,0.5,75
1.1618,1.9,0.97368,0.1,0.45,76
1.0868,1.9,0.97368,0.1,0.4,77
0.93684,1.9,0.97368,0.1,0.3,78
0.85307,1.9,0.95614,0.1,0.25,79
0.8443,1.9,0.9386,0.1,0.25,80
0.76491,1.9,0.92982,0.1,0.2,81
0.76053,1.9,0.92105,0.1,0.2,82
0.75614,1.9,0.91228,0.1,0.2,83
0.75175,1.9,0.90351,0.1,0.2,84
0.72982,1.9,0.85965,0.1,0.2,85
0.76351,1.9,0.80702,0.1,0.24,86
0.72842,1.9,0.73684,0.1,0.24,87
0.587,1.9,0.59649,0.1,0.1925,88
0.62443,1.9,0.54386,0.1,0.235,89
0.66625,1.9,0.5,0.1,0.2775,90
0.69053,1.9,0.42105,0.1,0.32,91
0.68849,1.9,0.28947,0.1,0.3625,92
0.64901,1.9,0.21053,0.1,0.3625,93
0.81395,1.9,0.15789,0.1,0.49,94
0.88443,1.9,0.04386,0.1,0.575,95
0.99877,1.9,0.017544,0.1,0.66,96
1.1812,1.9,0,0.1,0.7875,97
1.1625,1.9,0,0.1,0.775,98
1.2863,1.9,0,0.1,0.8575,99
1.5,1.9,0,0.1,1,100
1.5,1.9,0,0.1,1,101
