1.4,0.1,0,1.9,1,1
1.4,0.1,0,1.9,1,2
1.4,0.1,0,1.9,1,3
1.4,0.1,0,1.9,1,4
1.4,0.1,0,1.9,1,5
1.4,0.1,0,1.9,1,6
1.4,0.1,0,1.9,1,7
1.4,0.1,0,1.9,1,8
1.4,0.1,0,1.9,1,9
1.4,0.1,0,1.9,1,10
1.4,0.1,0,1.9,1,11
1.4,0.1,0,1.9,1,12
1.4,0.1,0,1.9,1,13
1.4,0.1,0,1.9,1,14
1.4,0.1,0,1.9,1,15
1.4,0.1,0,1.9,1,16
1.4,0.1,0,1.9,1,17
1.4,0.1,0,1.9,1,18
1.4,0.1,0,1.9,1,19
1.4,0.1,0,1.9,1,20
1.4,0.1,0,1.9,1,21
1.4053,0.1,0.0087719,1.9,1,22
1.4053,0.1,0.0087719,1.9,1,23
1.4421,0.1,0.070175,1.9,1,24
1.3984,0.1,0.11404,1.9,0.95,25
1.4089,0.1,0.13158,1.9,0.95,26
1.4563,0.1,0.21053,1.9,0.95,27
1.5089,0.1,0.29825,1.9,0.95,28
1.5563,0.1,0.37719,1.9,0.95,29
1.5932,0.1,0.4386,1.9,0.95,30
1.6458,0.1,0.52632,1.9,0.95,31
1.6932,0.1,0.60526,1.9,0.95,32
1.7195,0.1,0.64912,1.9,0.95,33
1.7668,0.1,0.72807,1.9,0.95,34
1.7232,0.1,0.77193,1.9,0.9,35
1.7389,0.1,0.79825,1.9,0.9,36
1.7653,0.1,0.84211,1.9,0.9,37
1.7863,0.1,0.87719,1.9,0.9,38
1.7968,0.1,0.89474,1.9,0.9,39
1.7968,0.1,0.89474,1.9,0.9,40
1.8232,0.1,0.9386,1.9,0.9,41
1.8232,0.1,0.9386,1.9,0.9,42
1.8389,0.1,0.96491,1.9,0.9,43
1.8442,0.1,0.97368,1.9,0.9,44
1.8442,0.1,0.97368,1.9,0.9,45
1.8495,0.1,0.98246,1.9,0.9,46
1.8495,0.1,0.98246,1.9,0.9,47
1.8495,0.1,0.98246,1.9,0.9,48
1.7795,0.1,0.98246,1.9,0.85,49
1.7795,0.1,0.98246,1.9,0.85,50
1.6447,0.1,0.99123,1.9,0.75,51
1.65,0.1,1,1.9,0.75,52
1.65,0.1,1,1.9,0.75,53
1.65,0.1,1,1.9,0.75,54
1.65,0.1,1,1.9,0.75,55
1.65,0.1,1,1.9,0.75,56
1.65,0.1,1,1.9,0.75,57
1.65,0.1,1,1.9,0.75,58
1.65,0.1,1,1.9,0.75,59
1.58,0.1,1,1.9,0.7,60
1.58,0.1,1,1.9,0.7,61
1.58,0.1,1,1.9,0.7,62
1.58,0.1,1,1.9,0.7,63
1.58,0.1,1,1.9,0.7,64
1.58,0.1,1,1.9,0.7,65
1.51,0.1,1,1.9,0.65,66
1.51,0.1,1,1.9,0.65,67
1.4995,0.1,1,1.9,0.65,68
1.4995,0.1,1,1.9,0.65,69
1.4295,0.1,1,1.9,0.6,70
1.4242,0.1,1,1.9,0.6,71
1.4242,0.1,1,1.9,0.6,72
1.3542,0.1,1,1.9,0.55,73
1.2842,0.1,1,1.9,0.5,74
1.2842,0.1,1,1.9,0.5,75
1.2142,0.1,1,1.9,0.45,76
1.1442,0.1,1,1.9,0.4,77
1.0042,0.1,1,1.9,0.3,78
0.92368,0.1,1,1.9,0.25,79
0.91316,0.1,1,1.9,0.25,80
0.83789,0.1,1,1.9,0.2,81
0.83263,0.1,1,1.9,0.2,82
0.82737,0.1,1,1.9,0.2,83
0.82211,0.1,1,1.9,0.2,84
0.79579,0.1,1,1.9,0.2,85
0.82021,0.1,1,1.9,0.2,86
0.77811,0.1,1,1.9,0.2,87
0.62739,0.1,1,1.9,0.15,88
0.65532,0.1,1,1.9,0.15,89
0.6885,0.1,1,1.9,0.15,90
0.70063,0.1,1,1.9,0.15,91
0.68118,0.1,1,1.9,0.15,92
0.63382,0.1,1,1.9,0.15,93
0.78074,0.1,1,1.9,0.15,94
0.83132,0.1,1,1.9,0.15,95
0.93453,0.1,1,1.9,0.15,96
1.1025,0.1,1,1.9,0.15,97
1.085,0.1,1,1.9,0.1,98
1.2005,0.1,1,1.9,0.05,99
1.4,0.1,1,1.9,0.05,100
1.4,0.1,1,1.9,0,101
1.4,0.2,0,1.8,1,1
1.4,0.2,0,1.8,1,2
1.4,0.2,0,1.8,1,3
1.4,0.2,0,1.8,1,4
1.4,0.2,0,1.8,1,5
1.4,0.2,0,1.8,1,6
1.4,0.2,0,1.8,1,7
1.4,0.2,0,1.8,1,8
1.4,0.2,0,1.8,1,9
1.4,0.2,0,1.8,1,10
1.4,0.2,0,1.8,1,11
1.4,0.2,0,1.8,1,12
1.4,0.2,0,1.8,1,13
1.4,0.2,0,1.8,1,14
1.4,0.2,0,1.8,1,15
1.4,0.2,0,1.8,1,16
1.4,0.2,0,1.8,1,17
1.4,0.2,0,1.8,1,18
1.4,0.2,0,1.8,1,19
1.4,0.2,0,1.8,1,20
1.4,0.2,0,1.8,1,21
1.4053,0.2,0.0087719,1.8,1,22
1.4053,0.2,0.0087719,1.8,1,23
1.4421,0.2,0.070175,1.8,1,24
1.3984,0.2,0.11404,1.8,0.95,25
1.4089,0.2,0.13158,1.8,0.95,26
1.4563,0.2,0.21053,1.8,0.95,27
1.5089,0.2,0.29825,1.8,0.95,28
1.5563,0.2,0.37719,1.8,0.95,29
1.5932,0.2,0.4386,1.8,0.95,30
1.6458,0.2,0.52632,1.8,0.95,31
1.6932,0.2,0.60526,1.8,0.95,32
1.7195,0.2,0.64912,1.8,0.95,33
1.7668,0.2,0.72807,1.8,0.95,34
1.7232,0.2,0.77193,1.8,0.9,35
1.7389,0.2,0.79825,1.8,0.9,36
1.7653,0.2,0.84211,1.8,0.9,37
1.7863,0.2,0.87719,1.8,0.9,38
1.7968,0.2,0.89474,1.8,0.9,39
1.7968,0.2,0.89474,1.8,0.9,40
1.8232,0.2,0.9386,1.8,0.9,41
1.8232,0.2,0.9386,1.8,0.9,42
1.8389,0.2,0.96491,1.8,0.9,43
1.8442,0.2,0.97368,1.8,0.9,44
1.8442,0.2,0.97368,1.8,0.9,45
1.8495,0.2,0.98246,1.8,0.9,46
1.8495,0.2,0.98246,1.8,0.9,47
1.8495,0.2,0.98246,1.8,0.9,48
1.7795,0.2,0.98246,1.8,0.85,49
1.7795,0.2,0.98246,1.8,0.85,50
1.6447,0.2,0.99123,1.8,0.75,51
1.65,0.2,1,1.8,0.75,52
1.65,0.2,1,1.8,0.75,53
1.65,0.2,1,1.8,0.75,54
1.65,0.2,1,1.8,0.75,55
1.65,0.2,1,1.8,0.75,56
1.65,0.2,1,1.8,0.75,57
1.65,0.2,1,1.8,0.75,58
1.65,0.2,1,1.8,0.75,59
1.58,0.2,1,1.8,0.7,60
1.58,0.2,1,1.8,0.7,61
1.58,0.2,1,1.8,0.7,62
1.58,0.2,1,1.8,0.7,63
1.58,0.2,1,1.8,0.7,64
1.58,0.2,1,1.8,0.7,65
1.51,0.2,1,1.8,0.65,66
1.51,0.2,1,1.8,0.65,67
1.4995,0.2,1,1.8,0.65,68
1.4995,0.2,1,1.8,0.65,69
1.4295,0.2,1,1.8,0.6,70
1.4242,0.2,1,1.8,0.6,71
1.4242,0.2,1,1.8,0.6,72
1.3542,0.2,1,1.8,0.55,73
1.2842,0.2,1,1.8,0.5,74
1.2842,0.2,1,1.8,0.5,75
1.2142,0.2,1,1.8,0.45,76
1.1442,0.2,1,1.8,0.4,77
1.0042,0.2,1,1.8,0.3,78
0.92368,0.2,1,1.8,0.25,79
0.91316,0.2,1,1.8,0.25,80
0.83789,0.2,1,1.8,0.2,81
0.83263,0.2,1,1.8,0.2,82
0.82737,0.2,1,1.8,0.2,83
0.82211,0.2,1,1.8,0.2,84
0.79579,0.2,1,1.8,0.2,85
0.82021,0.2,1,1.8,0.2,86
0.77811,0.2,1,1.8,0.2,87
0.62739,0.2,1,1.8,0.15,88
0.65532,0.2,1,1.8,0.15,89
0.6885,0.2,1,1.8,0.15,90
0.70063,0.2,1,1.8,0.15,91
0.68118,0.2,1,1.8,0.15,92
0.63382,0.2,1,1.8,0.15,93
0.78074,0.2,1,1.8,0.15,94
0.83132,0.2,1,1.8,0.15,95
0.93453,0.2,1,1.8,0.15,96
1.1025,0.2,1,1.8,0.15,97
1.085,0.2,1,1.8,0.1,98
1.2005,0.2,1,1.8,0.05,99
1.4,0.2,1,1.8,0.05,100
1.4,0.2,1,1.8,0,101
1.4,0.3,0,1.7,1,1
1.4,0.3,0,1.7,1,2
1.4,0.3,0,1.7,1,3
1.4,0.3,0,1.7,1,4
1.4,0.3,0,1.7,1,5
1.4,0.3,0,1.7,1,6
1.4,0.3,0,1.7,1,7
1.4,0.3,0,1.7,1,8
1.4,0.3,0,1.7,1,9
1.4,0.3,0,1.7,1,10
1.4,0.3,0,1.7,1,11
1.4,0.3,0,1.7,1,12
1.4,0.3,0,1.7,1,13
1.4,0.3,0,1.7,1,14
1.4,0.3,0,1.7,1,15
1.4,0.3,0,1.7,1,16
1.4,0.3,0,1.7,1,17
1.4,0.3,0,1.7,1,18
1.4,0.3,0,1.7,1,19
1.4,0.3,0,1.7,1,20
1.4,0.3,0,1.7,1,21
1.4053,0.3,0.0087719,1.7,1,22
1.4053,0.3,0.0087719,1.7,1,23
1.4421,0.3,0.070175,1.7,1,24
1.3984,0.3,0.11404,1.7,0.95,25
1.4089,0.3,0.13158,1.7,0.95,26
1.4563,0.3,0.21053,1.7,0.95,27
1.5089,0.3,0.29825,1.7,0.95,28
1.5563,0.3,0.37719,1.7,0.95,29
1.5932,0.3,0.4386,1.7,0.95,30
1.6458,0.3,0.52632,1.7,0.95,31
1.6932,0.3,0.60526,1.7,0.95,32
1.7195,0.3,0.64912,1.7,0.95,33
1.7668,0.3,0.72807,1.7,0.95,34
1.7232,0.3,0.77193,1.7,0.9,35
1.7389,0.3,0.79825,1.7,0.9,36
1.7653,0.3,0.84211,1.7,0.9,37
1.7863,0.3,0.87719,1.7,0.9,38
1.7968,0.3,0.89474,1.7,0.9,39
1.7968,0.3,0.89474,1.7,0.9,40
1.8232,0.3,0.9386,1.7,0.9,41
1.8232,0.3,0.9386,1.7,0.9,42
1.8389,0.3,0.96491,1.7,0.9,43
1.8442,0.3,0.97368,1.7,0.9,44
1.8442,0.3,0.97368,1.7,0.9,45
1.8495,0.3,0.98246,1.7,0.9,46
1.8495,0.3,0.98246,1.7,0.9,47
1.8495,0.3,0.98246,1.7,0.9,48
1.7795,0.3,0.98246,1.7,0.85,49
1.7795,0.3,0.98246,1.7,0.85,50
1.6447,0.3,0.99123,1.7,0.75,51
1.65,0.3,1,1.7,0.75,52
1.65,0.3,1,1.7,0.75,53
1.65,0.3,1,1.7,0.75,54
1.65,0.3,1,1.7,0.75,55
1.65,0.3,1,1.7,0.75,56
1.65,0.3,1,1.7,0.75,57
1.65,0.3,1,1.7,0.75,58
1.65,0.3,1,1.7,0.75,59
1.58,0.3,1,1.7,0.7,60
1.58,0.3,1,1.7,0.7,61
1.58,0.3,1,1.7,0.7,62
1.58,0.3,1,1.7,0.7,63
1.58,0.3,1,1.7,0.7,64
1.58,0.3,1,1.7,0.7,65
1.51,0.3,1,1.7,0.65,66
1.51,0.3,1,1.7,0.65,67
1.4995,0.3,1,1.7,0.65,68
1.4995,0.3,1,1.7,0.65,69
1.4295,0.3,1,1.7,0.6,70
1.4242,0.3,1,1.7,0.6,71
1.4242,0.3,1,1.7,0.6,72
1.3542,0.3,1,1.7,0.55,73
1.2842,0.3,1,1.7,0.5,74
1.2842,0.3,1,1.7,0.5,75
1.2142,0.3,1,1.7,0.45,76
1.1442,0.3,1,1.7,0.4,77
1.0042,0.3,1,1.7,0.3,78
0.92368,0.3,1,1.7,0.25,79
0.91316,0.3,1,1.7,0.25,80
0.83789,0.3,1,1.7,0.2,81
0.83263,0.3,1,1.7,0.2,82
0.82737,0.3,1,1.7,0.2,83
0.82211,0.3,1,1.7,0.2,84
0.79579,0.3,1,1.7,0.2,85
0.82021,0.3,1,1.7,0.2,86
0.77811,0.3,1,1.7,0.2,87
0.62739,0.3,1,1.7,0.15,88
0.65532,0.3,1,1.7,0.15,89
0.6885,0.3,1,1.7,0.15,90
0.70063,0.3,1,1.7,0.15,91
0.68118,0.3,1,1.7,0.15,92
0.63382,0.3,1,1.7,0.15,93
0.78074,0.3,1,1.7,0.15,94
0.83132,0.3,1,1.7,0.15,95
0.93453,0.3,1,1.7,0.15,96
1.1025,0.3,1,1.7,0.15,97
1.085,0.3,1,1.7,0.1,98
1.2005,0.3,1,1.7,0.05,99
1.4,0.3,1,1.7,0.05,100
1.4,0.3,1,1.7,0,101
1.4,0.4,0,1.6,1,1
1.4,0.4,0,1.6,1,2
1.4,0.4,0,1.6,1,3
1.4,0.4,0,1.6,1,4
1.4,0.4,0,1.6,1,5
1.4,0.4,0,1.6,1,6
1.4,0.4,0,1.6,1,7
1.4,0.4,0,1.6,1,8
1.4,0.4,0,1.6,1,9
1.4,0.4,0,1.6,1,10
1.4,0.4,0,1.6,1,11
1.4,0.4,0,1.6,1,12
1.4,0.4,0,1.6,1,13
1.4,0.4,0,1.6,1,14
1.4,0.4,0,1.6,1,15
1.4,0.4,0,1.6,1,16
1.4,0.4,0,1.6,1,17
1.4,0.4,0,1.6,1,18
1.4,0.4,0,1.6,1,19
1.4,0.4,0,1.6,1,20
1.4,0.4,0,1.6,1,21
1.4053,0.4,0.0087719,1.6,1,22
1.4053,0.4,0.0087719,1.6,1,23
1.4421,0.4,0.070175,1.6,1,24
1.3984,0.4,0.11404,1.6,0.95,25
1.4089,0.4,0.13158,1.6,0.95,26
1.4563,0.4,0.21053,1.6,0.95,27
1.5089,0.4,0.29825,1.6,0.95,28
1.5563,0.4,0.37719,1.6,0.95,29
1.5932,0.4,0.4386,1.6,0.95,30
1.6458,0.4,0.52632,1.6,0.95,31
1.6932,0.4,0.60526,1.6,0.95,32
1.7195,0.4,0.64912,1.6,0.95,33
1.7668,0.4,0.72807,1.6,0.95,34
1.7232,0.4,0.77193,1.6,0.9,35
1.7389,0.4,0.79825,1.6,0.9,36
1.7653,0.4,0.84211,1.6,0.9,37
1.7863,0.4,0.87719,1.6,0.9,38
1.7968,0.4,0.89474,1.6,0.9,39
1.7968,0.4,0.89474,1.6,0.9,40
1.8232,0.4,0.9386,1.6,0.9,41
1.8232,0.4,0.9386,1.6,0.9,42
1.8389,0.4,0.96491,1.6,0.9,43
1.8442,0.4,0.97368,1.6,0.9,44
1.8442,0.4,0.97368,1.6,0.9,45
1.8495,0.4,0.98246,1.6,0.9,46
1.8495,0.4,0.98246,1.6,0.9,47
1.8495,0.4,0.98246,1.6,0.9,48
1.7795,0.4,0.98246,1.6,0.85,49
1.7795,0.4,0.98246,1.6,0.85,50
1.6447,0.4,0.99123,1.6,0.75,51
1.65,0.4,1,1.6,0.75,52
1.65,0.4,1,1.6,0.75,53
1.65,0.4,1,1.6,0.75,54
1.65,0.4,1,1.6,0.75,55
1.65,0.4,1,1.6,0.75,56
1.65,0.4,1,1.6,0.75,57
1.65,0.4,1,1.6,0.75,58
1.65,0.4,1,1.6,0.75,59
1.58,0.4,1,1.6,0.7,60
1.58,0.4,1,1.6,0.7,61
1.58,0.4,1,1.6,0.7,62
1.58,0.4,1,1.6,0.7,63
1.58,0.4,1,1.6,0.7,64
1.58,0.4,1,1.6,0.7,65
1.51,0.4,1,1.6,0.65,66
1.51,0.4,1,1.6,0.65,67
1.4995,0.4,1,1.6,0.65,68
1.4995,0.4,1,1.6,0.65,69
1.4295,0.4,1,1.6,0.6,70
1.4242,0.4,1,1.6,0.6,71
1.4242,0.4,1,1.6,0.6,72
1.3542,0.4,1,1.6,0.55,73
1.2842,0.4,1,1.6,0.5,74
1.2842,0.4,1,1.6,0.5,75
1.2142,0.4,1,1.6,0.45,76
1.1442,0.4,1,1.6,0.4,77
1.0042,0.4,1,1.6,0.3,78
0.92368,0.4,1,1.6,0.25,79
0.91316,0.4,1,1.6,0.25,80
0.83789,0.4,1,1.6,0.2,81
0.83263,0.4,1,1.6,0.2,82
0.82737,0.4,1,1.6,0.2,83
0.82211,0.4,1,1.6,0.2,84
0.79579,0.4,1,1.6,0.2,85
0.82021,0.4,1,1.6,0.2,86
0.77811,0.4,1,1.6,0.2,87
0.62739,0.4,1,1.6,0.15,88
0.65532,0.4,1,1.6,0.15,89
0.6885,0.4,1,1.6,0.15,90
0.70063,0.4,1,1.6,0.15,91
0.68118,0.4,1,1.6,0.15,92
0.63382,0.4,1,1.6,0.15,93
0.78074,0.4,1,1.6,0.15,94
0.83132,0.4,1,1.6,0.15,95
0.93453,0.4,1,1.6,0.15,96
1.1025,0.4,1,1.6,0.15,97
1.085,0.4,1,1.6,0.1,98
1.2005,0.4,1,1.6,0.05,99
1.4,0.4,1,1.6,0.05,100
1.4,0.4,1,1.6,0,101
1.4,0.5,0,1.5,1,1
1.4,0.5,0,1.5,1,2
1.4,0.5,0,1.5,1,3
1.4,0.5,0,1.5,1,4
1.4,0.5,0,1.5,1,5
1.4,0.5,0,1.5,1,6
1.4,0.5,0,1.5,1,7
1.4,0.5,0,1.5,1,8
1.4,0.5,0,1.5,1,9
1.4,0.5,0,1.5,1,10
1.4,0.5,0,1.5,1,11
1.4,0.5,0,1.5,1,12
1.4,0.5,0,1.5,1,13
1.4,0.5,0,1.5,1,14
1.4,0.5,0,1.5,1,15
1.4,0.5,0,1.5,1,16
1.4,0.5,0,1.5,1,17
1.4,0.5,0,1.5,1,18
1.4,0.5,0,1.5,1,19
1.4,0.5,0,1.5,1,20
1.4,0.5,0,1.5,1,21
1.4053,0.5,0.0087719,1.5,1,22
1.4053,0.5,0.0087719,1.5,1,23
1.4421,0.5,0.070175,1.5,1,24
1.3984,0.5,0.11404,1.5,0.95,25
1.4089,0.5,0.13158,1.5,0.95,26
1.4563,0.5,0.21053,1.5,0.95,27
1.5089,0.5,0.29825,1.5,0.95,28
1.5563,0.5,0.37719,1.5,0.95,29
1.5932,0.5,0.4386,1.5,0.95,30
1.6458,0.5,0.52632,1.5,0.95,31
1.6932,0.5,0.60526,1.5,0.95,32
1.7195,0.5,0.64912,1.5,0.95,33
1.7668,0.5,0.72807,1.5,0.95,34
1.7232,0.5,0.77193,1.5,0.9,35
1.7389,0.5,0.79825,1.5,0.9,36
1.7653,0.5,0.84211,1.5,0.9,37
1.7863,0.5,0.87719,1.5,0.9,38
1.7968,0.5,0.89474,1.5,0.9,39
1.7968,0.5,0.89474,1.5,0.9,40
1.8232,0.5,0.9386,1.5,0.9,41
1.8232,0.5,0.9386,1.5,0.9,42
1.8389,0.5,0.96491,1.5,0.9,43
1.8442,0.5,0.97368,1.5,0.9,44
1.8442,0.5,0.97368,1.5,0.9,45
1.8495,0.5,0.98246,1.5,0.9,46
1.8495,0.5,0.98246,1.5,0.9,47
1.8495,0.5,0.98246,1.5,0.9,48
1.7795,0.5,0.98246,1.5,0.85,49
1.7795,0.5,0.98246,1.5,0.85,50
1.6447,0.5,0.99123,1.5,0.75,51
1.65,0.5,1,1.5,0.75,52
1.65,0.5,1,1.5,0.75,53
1.65,0.5,1,1.5,0.75,54
1.65,0.5,1,1.5,0.75,55
1.65,0.5,1,1.5,0.75,56
1.65,0.5,1,1.5,0.75,57
1.65,0.5,1,1.5,0.75,58
1.65,0.5,1,1.5,0.75,59
1.58,0.5,1,1.5,0.7,60
1.58,0.5,1,1.5,0.7,61
1.58,0.5,1,1.5,0.7,62
1.58,0.5,1,1.5,0.7,63
1.58,0.5,1,1.5,0.7,64
1.58,0.5,1,1.5,0.7,65
1.51,0.5,1,1.5,0.65,66
1.51,0.5,1,1.5,0.65,67
1.4995,0.5,1,1.5,0.65,68
1.4995,0.5,1,1.5,0.65,69
1.4295,0.5,1,1.5,0.6,70
1.4242,0.5,1,1.5,0.6,71
1.4242,0.5,1,1.5,0.6,72
1.3542,0.5,1,1.5,0.55,73
1.2842,0.5,1,1.5,0.5,74
1.2842,0.5,1,1.5,0.5,75
1.2142,0.5,1,1.5,0.45,76
1.1442,0.5,1,1.5,0.4,77
1.0042,0.5,1,1.5,0.3,78
0.92368,0.5,1,1.5,0.25,79
0.91316,0.5,1,1.5,0.25,80
0.83789,0.5,1,1.5,0.2,81
0.83263,0.5,1,1.5,0.2,82
0.82737,0.5,1,1.5,0.2,83
0.82211,0.5,1,1.5,0.2,84
0.79579,0.5,1,1.5,0.2,85
0.82021,0.5,1,1.5,0.2,86
0.77811,0.5,1,1.5,0.2,87
0.62739,0.5,1,1.5,0.15,88
0.65532,0.5,1,1.5,0.15,89
0.6885,0.5,1,1.5,0.15,90
0.70063,0.5,1,1.5,0.15,91
0.68118,0.5,1,1.5,0.15,92
0.63382,0.5,1,1.5,0.15,93
0.78074,0.5,1,1.5,0.15,94
0.83132,0.5,1,1.5,0.15,95
0.93453,0.5,1,1.5,0.15,96
1.1025,0.5,1,1.5,0.15,97
1.085,0.5,1,1.5,0.1,98
1.2005,0.5,1,1.5,0.05,99
1.4,0.5,1,1.5,0.05,100
1.4,0.5,1,1.5,0,101
1.4,0.6,0,1.4,1,1
1.4,0.6,0,1.4,1,2
1.4,0.6,0,1.4,1,3
1.4,0.6,0,1.4,1,4
1.4,0.6,0,1.4,1,5
1.4,0.6,0,1.4,1,6
1.4,0.6,0,1.4,1,7
1.4,0.6,0,1.4,1,8
1.4,0.6,0,1.4,1,9
1.4,0.6,0,1.4,1,10
1.4,0.6,0,1.4,1,11
1.4,0.6,0,1.4,1,12
1.4,0.6,0,1.4,1,13
1.4,0.6,0,1.4,1,14
1.4,0.6,0,1.4,1,15
1.4,0.6,0,1.4,1,16
1.4,0.6,0,1.4,1,17
1.4,0.6,0,1.4,1,18
1.4,0.6,0,1.4,1,19
1.4,0.6,0,1.4,1,20
1.4,0.6,0,1.4,1,21
1.4053,0.6,0.0087719,1.4,1,22
1.4053,0.6,0.0087719,1.4,1,23
1.4421,0.6,0.070175,1.4,1,24
1.3984,0.6,0.11404,1.4,0.95,25
1.4089,0.6,0.13158,1.4,0.95,26
1.4563,0.6,0.21053,1.4,0.95,27
1.5089,0.6,0.29825,1.4,0.95,28
1.5563,0.6,0.37719,1.4,0.95,29
1.5932,0.6,0.4386,1.4,0.95,30
1.6458,0.6,0.52632,1.4,0.95,31
1.6932,0.6,0.60526,1.4,0.95,32
1.7195,0.6,0.64912,1.4,0.95,33
1.7668,0.6,0.72807,1.4,0.95,34
1.7232,0.6,0.77193,1.4,0.9,35
1.7389,0.6,0.79825,1.4,0.9,36
1.7653,0.6,0.84211,1.4,0.9,37
1.7863,0.6,0.87719,1.4,0.9,38
1.7968,0.6,0.89474,1.4,0.9,39
1.7968,0.6,0.89474,1.4,0.9,40
1.8232,0.6,0.9386,1.4,0.9,41
1.8232,0.6,0.9386,1.4,0.9,42
1.8389,0.6,0.96491,1.4,0.9,43
1.8442,0.6,0.97368,1.4,0.9,44
1.8442,0.6,0.97368,1.4,0.9,45
1.8495,0.6,0.98246,1.4,0.9,46
1.8495,0.6,0.98246,1.4,0.9,47
1.8495,0.6,0.98246,1.4,0.9,48
1.7795,0.6,0.98246,1.4,0.85,49
1.7795,0.6,0.98246,1.4,0.85,50
1.6447,0.6,0.99123,1.4,0.75,51
1.65,0.6,1,1.4,0.75,52
1.65,0.6,1,1.4,0.75,53
1.65,0.6,1,1.4,0.75,54
1.65,0.6,1,1.4,0.75,55
1.65,0.6,1,1.4,0.75,56
1.65,0.6,1,1.4,0.75,57
1.65,0.6,1,1.4,0.75,58
1.65,0.6,1,1.4,0.75,59
1.58,0.6,1,1.4,0.7,60
1.58,0.6,1,1.4,0.7,61
1.58,0.6,1,1.4,0.7,62
1.58,0.6,1,1.4,0.7,63
1.58,0.6,1,1.4,0.7,64
1.58,0.6,1,1.4,0.7,65
1.51,0.6,1,1.4,0.65,66
1.51,0.6,1,1.4,0.65,67
1.51,0.6,1,1.4,0.65,68
1.51,0.6,1,1.4,0.65,69
1.44,0.6,1,1.4,0.6,70
1.44,0.6,1,1.4,0.6,71
1.44,0.6,1,1.4,0.6,72
1.37,0.6,1,1.4,0.55,73
1.3,0.6,1,1.4,0.5,74
1.3,0.6,1,1.4,0.5,75
1.23,0.6,1,1.4,0.45,76
1.16,0.6,1,1.4,0.4,77
1.02,0.6,1,1.4,0.3,78
0.95,0.6,1,1.4,0.25,79
0.95,0.6,1,1.4,0.25,80
0.88,0.6,1,1.4,0.2,81
0.88,0.6,1,1.4,0.2,82
0.88,0.6,1,1.4,0.2,83
0.88,0.6,1,1.4,0.2,84
0.88,0.6,1,1.4,0.2,85
0.88,0.6,1,1.4,0.2,86
0.88,0.6,1,1.4,0.2,87
0.81,0.6,1,1.4,0.15,88
0.81,0.6,1,1.4,0.15,89
0.81,0.6,1,1.4,0.15,90
0.81,0.6,1,1.4,0.15,91
0.81,0.6,1,1.4,0.15,92
0.81,0.6,1,1.4,0.15,93
0.81,0.6,1,1.4,0.15,94
0.81,0.6,1,1.4,0.15,95
0.81,0.6,1,1.4,0.15,96
0.81,0.6,1,1.4,0.15,97
0.74,0.6,1,1.4,0.1,98
0.67,0.6,1,1.4,0.05,99
0.67,0.6,1,1.4,0.05,100
0.6,0.6,1,1.4,0,101
1.4,0.7,0,1.3,1,1
1.4,0.7,0,1.3,1,2
1.4,0.7,0,1.3,1,3
1.4,0.7,0,1.3,1,4
1.4,0.7,0,1.3,1,5
1.4,0.7,0,1.3,1,6
1.4,0.7,0,1.3,1,7
1.4,0.7,0,1.3,1,8
1.4,0.7,0,1.3,1,9
1.4,0.7,0,1.3,1,10
1.4,0.7,0,1.3,1,11
1.4,0.7,0,1.3,1,12
1.4,0.7,0,1.3,1,13
1.4,0.7,0,1.3,1,14
1.4,0.7,0,1.3,1,15
1.4,0.7,0,1.3,1,16
1.4,0.7,0,1.3,1,17
1.4,0.7,0,1.3,1,18
1.4,0.7,0,1.3,1,19
1.4,0.7,0,1.3,1,20
1.4,0.7,0,1.3,1,21
1.4053,0.7,0.0087719,1.3,1,22
1.4053,0.7,0.0087719,1.3,1,23
1.4421,0.7,0.070175,1.3,1,24
1.3984,0.7,0.11404,1.3,0.95,25
1.4089,0.7,0.13158,1.3,0.95,26
1.4563,0.7,0.21053,1.3,0.95,27
1.5089,0.7,0.29825,1.3,0.95,28
1.5563,0.7,0.37719,1.3,0.95,29
1.5932,0.7,0.4386,1.3,0.95,30
1.6458,0.7,0.52632,1.3,0.95,31
1.6932,0.7,0.60526,1.3,0.95,32
1.7195,0.7,0.64912,1.3,0.95,33
1.7668,0.7,0.72807,1.3,0.95,34
1.7232,0.7,0.77193,1.3,0.9,35
1.7389,0.7,0.79825,1.3,0.9,36
1.7653,0.7,0.84211,1.3,0.9,37
1.7863,0.7,0.87719,1.3,0.9,38
1.7968,0.7,0.89474,1.3,0.9,39
1.7968,0.7,0.89474,1.3,0.9,40
1.8232,0.7,0.9386,1.3,0.9,41
1.8232,0.7,0.9386,1.3,0.9,42
1.8389,0.7,0.96491,1.3,0.9,43
1.8442,0.7,0.97368,1.3,0.9,44
1.8442,0.7,0.97368,1.3,0.9,45
1.8495,0.7,0.98246,1.3,0.9,46
1.8495,0.7,0.98246,1.3,0.9,47
1.8495,0.7,0.98246,1.3,0.9,48
1.7795,0.7,0.98246,1.3,0.85,49
1.7795,0.7,0.98246,1.3,0.85,50
1.6447,0.7,0.99123,1.3,0.75,51
1.65,0.7,1,1.3,0.75,52
1.65,0.7,1,1.3,0.75,53
1.65,0.7,1,1.3,0.75,54
1.65,0.7,1,1.3,0.75,55
1.65,0.7,1,1.3,0.75,56
1.65,0.7,1,1.3,0.75,57
1.65,0.7,1,1.3,0.75,58
1.65,0.7,1,1.3,0.75,59
1.58,0.7,1,1.3,0.7,60
1.58,0.7,1,1.3,0.7,61
1.58,0.7,1,1.3,0.7,62
1.58,0.7,1,1.3,0.7,63
1.58,0.7,1,1.3,0.7,64
1.58,0.7,1,1.3,0.7,65
1.51,0.7,1,1.3,0.65,66
1.51,0.7,1,1.3,0.65,67
1.51,0.7,1,1.3,0.65,68
1.51,0.7,1,1.3,0.65,69
1.44,0.7,1,1.3,0.6,70
1.44,0.7,1,1.3,0.6,71
1.44,0.7,1,1.3,0.6,72
1.37,0.7,1,1.3,0.55,73
1.3,0.7,1,1.3,0.5,74
1.3,0.7,1,1.3,0.5,75
1.23,0.7,1,1.3,0.45,76
1.16,0.7,1,1.3,0.4,77
1.02,0.7,1,1.3,0.3,78
0.95,0.7,1,1.3,0.25,79
0.95,0.7,1,1.3,0.25,80
0.88,0.7,1,1.3,0.2,81
0.88,0.7,1,1.3,0.2,82
0.88,0.7,1,1.3,0.2,83
0.88,0.7,1,1.3,0.2,84
0.88,0.7,1,1.3,0.2,85
0.88,0.7,1,1.3,0.2,86
0.88,0.7,1,1.3,0.2,87
0.81,0.7,1,1.3,0.15,88
0.81,0.7,1,1.3,0.15,89
0.81,0.7,1,1.3,0.15,90
0.81,0.7,1,1.3,0.15,91
0.81,0.7,1,1.3,0.15,92
0.81,0.7,1,1.3,0.15,93
0.81,0.7,1,1.3,0.15,94
0.81,0.7,1,1.3,0.15,95
0.81,0.7,1,1.3,0.15,96
0.81,0.7,1,1.3,0.15,97
0.74,0.7,1,1.3,0.1,98
0.67,0.7,1,1.3,0.05,99
0.67,0.7,1,1.3,0.05,100
0.6,0.7,1,1.3,0,101
1.4,0.8,0,1.2,1,1
1.4,0.8,0,1.2,1,2
1.4,0.8,0,1.2,1,3
1.4,0.8,0,1.2,1,4
1.4,0.8,0,1.2,1,5
1.4,0.8,0,1.2,1,6
1.4,0.8,0,1.2,1,7
1.4,0.8,0,1.2,1,8
1.4,0.8,0,1.2,1,9
1.4,0.8,0,1.2,1,10
1.4,0.8,0,1.2,1,11
1.4,0.8,0,1.2,1,12
1.4,0.8,0,1.2,1,13
1.4,0.8,0,1.2,1,14
1.4,0.8,0,1.2,1,15
1.4,0.8,0,1.2,1,16
1.4,0.8,0,1.2,1,17
1.4,0.8,0,1.2,1,18
1.4,0.8,0,1.2,1,19
1.4,0.8,0,1.2,1,20
1.4,0.8,0,1.2,1,21
1.4053,0.8,0.0087719,1.2,1,22
1.4053,0.8,0.0087719,1.2,1,23
1.4421,0.8,0.070175,1.2,1,24
1.3984,0.8,0.11404,1.2,0.95,25
1.4089,0.8,0.13158,1.2,0.95,26
1.4563,0.8,0.21053,1.2,0.95,27
1.5089,0.8,0.29825,1.2,0.95,28
1.5563,0.8,0.37719,1.2,0.95,29
1.5932,0.8,0.4386,1.2,0.95,30
1.6458,0.8,0.52632,1.2,0.95,31
1.6932,0.8,0.60526,1.2,0.95,32
1.7195,0.8,0.64912,1.2,0.95,33
1.7668,0.8,0.72807,1.2,0.95,34
1.7232,0.8,0.77193,1.2,0.9,35
1.7389,0.8,0.79825,1.2,0.9,36
1.7653,0.8,0.84211,1.2,0.9,37
1.7863,0.8,0.87719,1.2,0.9,38
1.7968,0.8,0.89474,1.2,0.9,39
1.7968,0.8,0.89474,1.2,0.9,40
1.8232,0.8,0.9386,1.2,0.9,41
1.8232,0.8,0.9386,1.2,0.9,42
1.8389,0.8,0.96491,1.2,0.9,43
1.8442,0.8,0.97368,1.2,0.9,44
1.8442,0.8,0.97368,1.2,0.9,45
1.8495,0.8,0.98246,1.2,0.9,46
1.8495,0.8,0.98246,1.2,0.9,47
1.8495,0.8,0.98246,1.2,0.9,48
1.7795,0.8,0.98246,1.2,0.85,49
1.7795,0.8,0.98246,1.2,0.85,50
1.6447,0.8,0.99123,1.2,0.75,51
1.65,0.8,1,1.2,0.75,52
1.65,0.8,1,1.2,0.75,53
1.65,0.8,1,1.2,0.75,54
1.65,0.8,1,1.2,0.75,55
1.65,0.8,1,1.2,0.75,56
1.65,0.8,1,1.2,0.75,57
1.65,0.8,1,1.2,0.75,58
1.65,0.8,1,1.2,0.75,59
1.58,0.8,1,1.2,0.7,60
1.58,0.8,1,1.2,0.7,61
1.58,0.8,1,1.2,0.7,62
1.58,0.8,1,1.2,0.7,63
1.58,0.8,1,1.2,0.7,64
1.58,0.8,1,1.2,0.7,65
1.51,0.8,1,1.2,0.65,66
1.51,0.8,1,1.2,0.65,67
1.51,0.8,1,1.2,0.65,68
1.51,0.8,1,1.2,0.65,69
1.44,0.8,1,1.2,0.6,70
1.44,0.8,1,1.2,0.6,71
1.44,0.8,1,1.2,0.6,72
1.37,0.8,1,1.2,0.55,73
1.3,0.8,1,1.2,0.5,74
1.3,0.8,1,1.2,0.5,75
1.23,0.8,1,1.2,0.45,76
1.16,0.8,1,1.2,0.4,77
1.02,0.8,1,1.2,0.3,78
0.95,0.8,1,1.2,0.25,79
0.95,0.8,1,1.2,0.25,80
0.88,0.8,1,1.2,0.2,81
0.88,0.8,1,1.2,0.2,82
0.88,0.8,1,1.2,0.2,83
0.88,0.8,1,1.2,0.2,84
0.88,0.8,1,1.2,0.2,85
0.88,0.8,1,1.2,0.2,86
0.88,0.8,1,1.2,0.2,87
0.81,0.8,1,1.2,0.15,88
0.81,0.8,1,1.2,0.15,89
0.81,0.8,1,1.2,0.15,90
0.81,0.8,1,1.2,0.15,91
0.81,0.8,1,1.2,0.15,92
0.81,0.8,1,1.2,0.15,93
0.81,0.8,1,1.2,0.15,94
0.81,0.8,1,1.2,0.15,95
0.81,0.8,1,1.2,0.15,96
0.81,0.8,1,1.2,0.15,97
0.74,0.8,1,1.2,0.1,98
0.67,0.8,1,1.2,0.05,99
0.67,0.8,1,1.2,0.05,100
0.6,0.8,1,1.2,0,101
1.4,0.9,0,1.1,1,1
1.4,0.9,0,1.1,1,2
1.4,0.9,0,1.1,1,3
1.4,0.9,0,1.1,1,4
1.4,0.9,0,1.1,1,5
1.4,0.9,0,1.1,1,6
1.4,0.9,0,1.1,1,7
1.4,0.9,0,1.1,1,8
1.4,0.9,0,1.1,1,9
1.4,0.9,0,1.1,1,10
1.4,0.9,0,1.1,1,11
1.4,0.9,0,1.1,1,12
1.4,0.9,0,1.1,1,13
1.4,0.9,0,1.1,1,14
1.4,0.9,0,1.1,1,15
1.4,0.9,0,1.1,1,16
1.4,0.9,0,1.1,1,17
1.4,0.9,0,1.1,1,18
1.4,0.9,0,1.1,1,19
1.4,0.9,0,1.1,1,20
1.4,0.9,0,1.1,1,21
1.4053,0.9,0.0087719,1.1,1,22
1.4053,0.9,0.0087719,1.1,1,23
1.4421,0.9,0.070175,1.1,1,24
1.3984,0.9,0.11404,1.1,0.95,25
1.4089,0.9,0.13158,1.1,0.95,26
1.4563,0.9,0.21053,1.1,0.95,27
1.5089,0.9,0.29825,1.1,0.95,28
1.5563,0.9,0.37719,1.1,0.95,29
1.5932,0.9,0.4386,1.1,0.95,30
1.6458,0.9,0.52632,1.1,0.95,31
1.6932,0.9,0.60526,1.1,0.95,32
1.7195,0.9,0.64912,1.1,0.95,33
1.7668,0.9,0.72807,1.1,0.95,34
1.7232,0.9,0.77193,1.1,0.9,35
1.7389,0.9,0.79825,1.1,0.9,36
1.7653,0.9,0.84211,1.1,0.9,37
1.7863,0.9,0.87719,1.1,0.9,38
1.7968,0.9,0.89474,1.1,0.9,39
1.7968,0.9,0.89474,1.1,0.9,40
1.8232,0.9,0.9386,1.1,0.9,41
1.8232,0.9,0.9386,1.1,0.9,42
1.8389,0.9,0.96491,1.1,0.9,43
1.8442,0.9,0.97368,1.1,0.9,44
1.8442,0.9,0.97368,1.1,0.9,45
1.8495,0.9,0.98246,1.1,0.9,46
1.8495,0.9,0.98246,1.1,0.9,47
1.8495,0.9,0.98246,1.1,0.9,48
1.7795,0.9,0.98246,1.1,0.85,49
1.7795,0.9,0.98246,1.1,0.85,50
1.6447,0.9,0.99123,1.1,0.75,51
1.65,0.9,1,1.1,0.75,52
1.65,0.9,1,1.1,0.75,53
1.65,0.9,1,1.1,0.75,54
1.65,0.9,1,1.1,0.75,55
1.65,0.9,1,1.1,0.75,56
1.65,0.9,1,1.1,0.75,57
1.65,0.9,1,1.1,0.75,58
1.65,0.9,1,1.1,0.75,59
1.58,0.9,1,1.1,0.7,60
1.58,0.9,1,1.1,0.7,61
1.58,0.9,1,1.1,0.7,62
1.58,0.9,1,1.1,0.7,63
1.58,0.9,1,1.1,0.7,64
1.58,0.9,1,1.1,0.7,65
1.51,0.9,1,1.1,0.65,66
1.51,0.9,1,1.1,0.65,67
1.51,0.9,1,1.1,0.65,68
1.51,0.9,1,1.1,0.65,69
1.44,0.9,1,1.1,0.6,70
1.44,0.9,1,1.1,0.6,71
1.44,0.9,1,1.1,0.6,72
1.37,0.9,1,1.1,0.55,73
1.3,0.9,1,1.1,0.5,74
1.3,0.9,1,1.1,0.5,75
1.23,0.9,1,1.1,0.45,76
1.16,0.9,1,1.1,0.4,77
1.02,0.9,1,1.1,0.3,78
0.95,0.9,1,1.1,0.25,79
0.95,0.9,1,1.1,0.25,80
0.88,0.9,1,1.1,0.2,81
0.88,0.9,1,1.1,0.2,82
0.88,0.9,1,1.1,0.2,83
0.88,0.9,1,1.1,0.2,84
0.88,0.9,1,1.1,0.2,85
0.88,0.9,1,1.1,0.2,86
0.88,0.9,1,1.1,0.2,87
0.81,0.9,1,1.1,0.15,88
0.81,0.9,1,1.1,0.15,89
0.81,0.9,1,1.1,0.15,90
0.81,0.9,1,1.1,0.15,91
0.81,0.9,1,1.1,0.15,92
0.81,0.9,1,1.1,0.15,93
0.81,0.9,1,1.1,0.15,94
0.81,0.9,1,1.1,0.15,95
0.81,0.9,1,1.1,0.15,96
0.81,0.9,1,1.1,0.15,97
0.74,0.9,1,1.1,0.1,98
0.67,0.9,1,1.1,0.05,99
0.67,0.9,1,1.1,0.05,100
0.6,0.9,1,1.1,0,101
1.4,1,0,1,1,1
1.4,1,0,1,1,2
1.4,1,0,1,1,3
1.4,1,0,1,1,4
1.4,1,0,1,1,5
1.4,1,0,1,1,6
1.4,1,0,1,1,7
1.4,1,0,1,1,8
1.4,1,0,1,1,9
1.4,1,0,1,1,10
1.4,1,0,1,1,11
1.4,1,0,1,1,12
1.4,1,0,1,1,13
1.4,1,0,1,1,14
1.4,1,0,1,1,15
1.4,1,0,1,1,16
1.4,1,0,1,1,17
1.4,1,0,1,1,18
1.4,1,0,1,1,19
1.4,1,0,1,1,20
1.4,1,0,1,1,21
1.4053,1,0.0087719,1,1,22
1.4053,1,0.0087719,1,1,23
1.4421,1,0.070175,1,1,24
1.3984,1,0.11404,1,0.95,25
1.4089,1,0.13158,1,0.95,26
1.4563,1,0.21053,1,0.95,27
1.5089,1,0.29825,1,0.95,28
1.5563,1,0.37719,1,0.95,29
1.5932,1,0.4386,1,0.95,30
1.6458,1,0.52632,1,0.95,31
1.6932,1,0.60526,1,0.95,32
1.7195,1,0.64912,1,0.95,33
1.7668,1,0.72807,1,0.95,34
1.7232,1,0.77193,1,0.9,35
1.7389,1,0.79825,1,0.9,36
1.7653,1,0.84211,1,0.9,37
1.7863,1,0.87719,1,0.9,38
1.7968,1,0.89474,1,0.9,39
1.7968,1,0.89474,1,0.9,40
1.8232,1,0.9386,1,0.9,41
1.8232,1,0.9386,1,0.9,42
1.8389,1,0.96491,1,0.9,43
1.8442,1,0.97368,1,0.9,44
1.8442,1,0.97368,1,0.9,45
1.8495,1,0.98246,1,0.9,46
1.8495,1,0.98246,1,0.9,47
1.8495,1,0.98246,1,0.9,48
1.7795,1,0.98246,1,0.85,49
1.7795,1,0.98246,1,0.85,50
1.6447,1,0.99123,1,0.75,51
1.65,1,1,1,0.75,52
1.65,1,1,1,0.75,53
1.65,1,1,1,0.75,54
1.65,1,1,1,0.75,55
1.65,1,1,1,0.75,56
1.65,1,1,1,0.75,57
1.65,1,1,1,0.75,58
1.65,1,1,1,0.75,59
1.58,1,1,1,0.7,60
1.58,1,1,1,0.7,61
1.58,1,1,1,0.7,62
1.58,1,1,1,0.7,63
1.58,1,1,1,0.7,64
1.58,1,1,1,0.7,65
1.51,1,1,1,0.65,66
1.51,1,1,1,0.65,67
1.51,1,1,1,0.65,68
1.51,1,1,1,0.65,69
1.44,1,1,1,0.6,70
1.44,1,1,1,0.6,71
1.44,1,1,1,0.6,72
1.37,1,1,1,0.55,73
1.3,1,1,1,0.5,74
1.3,1,1,1,0.5,75
1.23,1,1,1,0.45,76
1.16,1,1,1,0.4,77
1.02,1,1,1,0.3,78
0.95,1,1,1,0.25,79
0.95,1,1,1,0.25,80
0.88,1,1,1,0.2,81
0.88,1,1,1,0.2,82
0.88,1,1,1,0.2,83
0.88,1,1,1,0.2,84
0.88,1,1,1,0.2,85
0.88,1,1,1,0.2,86
0.88,1,1,1,0.2,87
0.81,1,1,1,0.15,88
0.81,1,1,1,0.15,89
0.81,1,1,1,0.15,90
0.81,1,1,1,0.15,91
0.81,1,1,1,0.15,92
0.81,1,1,1,0.15,93
0.81,1,1,1,0.15,94
0.81,1,1,1,0.15,95
0.81,1,1,1,0.15,96
0.81,1,1,1,0.15,97
0.74,1,1,1,0.1,98
0.67,1,1,1,0.05,99
0.67,1,1,1,0.05,100
0.6,1,1,1,0,101
1.4,1.1,0,0.9,1,1
1.4,1.1,0,0.9,1,2
1.4,1.1,0,0.9,1,3
1.4,1.1,0,0.9,1,4
1.4,1.1,0,0.9,1,5
1.4,1.1,0,0.9,1,6
1.4,1.1,0,0.9,1,7
1.4,1.1,0,0.9,1,8
1.4,1.1,0,0.9,1,9
1.4,1.1,0,0.9,1,10
1.4,1.1,0,0.9,1,11
1.4,1.1,0,0.9,1,12
1.4,1.1,0,0.9,1,13
1.4,1.1,0,0.9,1,14
1.4,1.1,0,0.9,1,15
1.4,1.1,0,0.9,1,16
1.4,1.1,0,0.9,1,17
1.4,1.1,0,0.9,1,18
1.4,1.1,0,0.9,1,19
1.4,1.1,0,0.9,1,20
1.4,1.1,0,0.9,1,21
1.4053,1.1,0.0087719,0.9,1,22
1.4053,1.1,0.0087719,0.9,1,23
1.4421,1.1,0.070175,0.9,1,24
1.3984,1.1,0.11404,0.9,0.95,25
1.4089,1.1,0.13158,0.9,0.95,26
1.4563,1.1,0.21053,0.9,0.95,27
1.5089,1.1,0.29825,0.9,0.95,28
1.5563,1.1,0.37719,0.9,0.95,29
1.5932,1.1,0.4386,0.9,0.95,30
1.6458,1.1,0.52632,0.9,0.95,31
1.6932,1.1,0.60526,0.9,0.95,32
1.7195,1.1,0.64912,0.9,0.95,33
1.7668,1.1,0.72807,0.9,0.95,34
1.7232,1.1,0.77193,0.9,0.9,35
1.7389,1.1,0.79825,0.9,0.9,36
1.7653,1.1,0.84211,0.9,0.9,37
1.7863,1.1,0.87719,0.9,0.9,38
1.7968,1.1,0.89474,0.9,0.9,39
1.7968,1.1,0.89474,0.9,0.9,40
1.8232,1.1,0.9386,0.9,0.9,41
1.8232,1.1,0.9386,0.9,0.9,42
1.8389,1.1,0.96491,0.9,0.9,43
1.8442,1.1,0.97368,0.9,0.9,44
1.8442,1.1,0.97368,0.9,0.9,45
1.8495,1.1,0.98246,0.9,0.9,46
1.8495,1.1,0.98246,0.9,0.9,47
1.8495,1.1,0.98246,0.9,0.9,48
1.7795,1.1,0.98246,0.9,0.85,49
1.7795,1.1,0.98246,0.9,0.85,50
1.6447,1.1,0.99123,0.9,0.75,51
1.65,1.1,1,0.9,0.75,52
1.65,1.1,1,0.9,0.75,53
1.65,1.1,1,0.9,0.75,54
1.65,1.1,1,0.9,0.75,55
1.65,1.1,1,0.9,0.75,56
1.65,1.1,1,0.9,0.75,57
1.65,1.1,1,0.9,0.75,58
1.65,1.1,1,0.9,0.75,59
1.58,1.1,1,0.9,0.7,60
1.58,1.1,1,0.9,0.7,61
1.58,1.1,1,0.9,0.7,62
1.58,1.1,1,0.9,0.7,63
1.58,1.1,1,0.9,0.7,64
1.58,1.1,1,0.9,0.7,65
1.51,1.1,1,0.9,0.65,66
1.51,1.1,1,0.9,0.65,67
1.51,1.1,1,0.9,0.65,68
1.51,1.1,1,0.9,0.65,69
1.44,1.1,1,0.9,0.6,70
1.44,1.1,1,0.9,0.6,71
1.44,1.1,1,0.9,0.6,72
1.37,1.1,1,0.9,0.55,73
1.3,1.1,1,0.9,0.5,74
1.3,1.1,1,0.9,0.5,75
1.23,1.1,1,0.9,0.45,76
1.16,1.1,1,0.9,0.4,77
1.02,1.1,1,0.9,0.3,78
0.95,1.1,1,0.9,0.25,79
0.95,1.1,1,0.9,0.25,80
0.88,1.1,1,0.9,0.2,81
0.88,1.1,1,0.9,0.2,82
0.88,1.1,1,0.9,0.2,83
0.88,1.1,1,0.9,0.2,84
0.88,1.1,1,0.9,0.2,85
0.88,1.1,1,0.9,0.2,86
0.88,1.1,1,0.9,0.2,87
0.81,1.1,1,0.9,0.15,88
0.81,1.1,1,0.9,0.15,89
0.81,1.1,1,0.9,0.15,90
0.81,1.1,1,0.9,0.15,91
0.81,1.1,1,0.9,0.15,92
0.81,1.1,1,0.9,0.15,93
0.81,1.1,1,0.9,0.15,94
0.81,1.1,1,0.9,0.15,95
0.81,1.1,1,0.9,0.15,96
0.81,1.1,1,0.9,0.15,97
0.74,1.1,1,0.9,0.1,98
0.67,1.1,1,0.9,0.05,99
0.67,1.1,1,0.9,0.05,100
0.6,1.1,1,0.9,0,101
1.4,1.2,0,0.8,1,1
1.4,1.2,0,0.8,1,2
1.4,1.2,0,0.8,1,3
1.4,1.2,0,0.8,1,4
1.4,1.2,0,0.8,1,5
1.4,1.2,0,0.8,1,6
1.4,1.2,0,0.8,1,7
1.4,1.2,0,0.8,1,8
1.4,1.2,0,0.8,1,9
1.4,1.2,0,0.8,1,10
1.4,1.2,0,0.8,1,11
1.4,1.2,0,0.8,1,12
1.4,1.2,0,0.8,1,13
1.4,1.2,0,0.8,1,14
1.4,1.2,0,0.8,1,15
1.4,1.2,0,0.8,1,16
1.4,1.2,0,0.8,1,17
1.4,1.2,0,0.8,1,18
1.4,1.2,0,0.8,1,19
1.4,1.2,0,0.8,1,20
1.4,1.2,0,0.8,1,21
1.4053,1.2,0.0087719,0.8,1,22
1.4053,1.2,0.0087719,0.8,1,23
1.4421,1.2,0.070175,0.8,1,24
1.3984,1.2,0.11404,0.8,0.95,25
1.4089,1.2,0.13158,0.8,0.95,26
1.4563,1.2,0.21053,0.8,0.95,27
1.5089,1.2,0.29825,0.8,0.95,28
1.5563,1.2,0.37719,0.8,0.95,29
1.5932,1.2,0.4386,0.8,0.95,30
1.6458,1.2,0.52632,0.8,0.95,31
1.6932,1.2,0.60526,0.8,0.95,32
1.7195,1.2,0.64912,0.8,0.95,33
1.7668,1.2,0.72807,0.8,0.95,34
1.7232,1.2,0.77193,0.8,0.9,35
1.7389,1.2,0.79825,0.8,0.9,36
1.7653,1.2,0.84211,0.8,0.9,37
1.7863,1.2,0.87719,0.8,0.9,38
1.7968,1.2,0.89474,0.8,0.9,39
1.7968,1.2,0.89474,0.8,0.9,40
1.8232,1.2,0.9386,0.8,0.9,41
1.8232,1.2,0.9386,0.8,0.9,42
1.8389,1.2,0.96491,0.8,0.9,43
1.8442,1.2,0.97368,0.8,0.9,44
1.8442,1.2,0.97368,0.8,0.9,45
1.8495,1.2,0.98246,0.8,0.9,46
1.8495,1.2,0.98246,0.8,0.9,47
1.8495,1.2,0.98246,0.8,0.9,48
1.7795,1.2,0.98246,0.8,0.85,49
1.7795,1.2,0.98246,0.8,0.85,50
1.6447,1.2,0.99123,0.8,0.75,51
1.65,1.2,1,0.8,0.75,52
1.65,1.2,1,0.8,0.75,53
1.65,1.2,1,0.8,0.75,54
1.65,1.2,1,0.8,0.75,55
1.65,1.2,1,0.8,0.75,56
1.65,1.2,1,0.8,0.75,57
1.65,1.2,1,0.8,0.75,58
1.65,1.2,1,0.8,0.75,59
1.58,1.2,1,0.8,0.7,60
1.58,1.2,1,0.8,0.7,61
1.58,1.2,1,0.8,0.7,62
1.58,1.2,1,0.8,0.7,63
1.58,1.2,1,0.8,0.7,64
1.58,1.2,1,0.8,0.7,65
1.51,1.2,1,0.8,0.65,66
1.51,1.2,1,0.8,0.65,67
1.51,1.2,1,0.8,0.65,68
1.51,1.2,1,0.8,0.65,69
1.44,1.2,1,0.8,0.6,70
1.44,1.2,1,0.8,0.6,71
1.44,1.2,1,0.8,0.6,72
1.37,1.2,1,0.8,0.55,73
1.3,1.2,1,0.8,0.5,74
1.3,1.2,1,0.8,0.5,75
1.23,1.2,1,0.8,0.45,76
1.16,1.2,1,0.8,0.4,77
1.02,1.2,1,0.8,0.3,78
0.95,1.2,1,0.8,0.25,79
0.95,1.2,1,0.8,0.25,80
0.88,1.2,1,0.8,0.2,81
0.88,1.2,1,0.8,0.2,82
0.88,1.2,1,0.8,0.2,83
0.88,1.2,1,0.8,0.2,84
0.88,1.2,1,0.8,0.2,85
0.88,1.2,1,0.8,0.2,86
0.88,1.2,1,0.8,0.2,87
0.81,1.2,1,0.8,0.15,88
0.81,1.2,1,0.8,0.15,89
0.81,1.2,1,0.8,0.15,90
0.81,1.2,1,0.8,0.15,91
0.81,1.2,1,0.8,0.15,92
0.81,1.2,1,0.8,0.15,93
0.81,1.2,1,0.8,0.15,94
0.81,1.2,1,0.8,0.15,95
0.81,1.2,1,0.8,0.15,96
0.81,1.2,1,0.8,0.15,97
0.74,1.2,1,0.8,0.1,98
0.67,1.2,1,0.8,0.05,99
0.67,1.2,1,0.8,0.05,100
0.6,1.2,1,0.8,0,101
1.4,1.3,0,0.7,1,1
1.4,1.3,0,0.7,1,2
1.4,1.3,0,0.7,1,3
1.4,1.3,0,0.7,1,4
1.4,1.3,0,0.7,1,5
1.4,1.3,0,0.7,1,6
1.4,1.3,0,0.7,1,7
1.4,1.3,0,0.7,1,8
1.4,1.3,0,0.7,1,9
1.4,1.3,0,0.7,1,10
1.4,1.3,0,0.7,1,11
1.4,1.3,0,0.7,1,12
1.4,1.3,0,0.7,1,13
1.4,1.3,0,0.7,1,14
1.4,1.3,0,0.7,1,15
1.4,1.3,0,0.7,1,16
1.4,1.3,0,0.7,1,17
1.4,1.3,0,0.7,1,18
1.4,1.3,0,0.7,1,19
1.4,1.3,0,0.7,1,20
1.4,1.3,0,0.7,1,21
1.4053,1.3,0.0087719,0.7,1,22
1.4053,1.3,0.0087719,0.7,1,23
1.4421,1.3,0.070175,0.7,1,24
1.3984,1.3,0.11404,0.7,0.95,25
1.4089,1.3,0.13158,0.7,0.95,26
1.4563,1.3,0.21053,0.7,0.95,27
1.5089,1.3,0.29825,0.7,0.95,28
1.5563,1.3,0.37719,0.7,0.95,29
1.5932,1.3,0.4386,0.7,0.95,30
1.6458,1.3,0.52632,0.7,0.95,31
1.6932,1.3,0.60526,0.7,0.95,32
1.7195,1.3,0.64912,0.7,0.95,33
1.7668,1.3,0.72807,0.7,0.95,34
1.7232,1.3,0.77193,0.7,0.9,35
1.7389,1.3,0.79825,0.7,0.9,36
1.7653,1.3,0.84211,0.7,0.9,37
1.7863,1.3,0.87719,0.7,0.9,38
1.7968,1.3,0.89474,0.7,0.9,39
1.7968,1.3,0.89474,0.7,0.9,40
1.8232,1.3,0.9386,0.7,0.9,41
1.8232,1.3,0.9386,0.7,0.9,42
1.8389,1.3,0.96491,0.7,0.9,43
1.8442,1.3,0.97368,0.7,0.9,44
1.8442,1.3,0.97368,0.7,0.9,45
1.8495,1.3,0.98246,0.7,0.9,46
1.8495,1.3,0.98246,0.7,0.9,47
1.8495,1.3,0.98246,0.7,0.9,48
1.7795,1.3,0.98246,0.7,0.85,49
1.7795,1.3,0.98246,0.7,0.85,50
1.6447,1.3,0.99123,0.7,0.75,51
1.65,1.3,1,0.7,0.75,52
1.65,1.3,1,0.7,0.75,53
1.65,1.3,1,0.7,0.75,54
1.65,1.3,1,0.7,0.75,55
1.65,1.3,1,0.7,0.75,56
1.65,1.3,1,0.7,0.75,57
1.65,1.3,1,0.7,0.75,58
1.65,1.3,1,0.7,0.75,59
1.58,1.3,1,0.7,0.7,60
1.58,1.3,1,0.7,0.7,61
1.58,1.3,1,0.7,0.7,62
1.58,1.3,1,0.7,0.7,63
1.58,1.3,1,0.7,0.7,64
1.58,1.3,1,0.7,0.7,65
1.51,1.3,1,0.7,0.65,66
1.51,1.3,1,0.7,0.65,67
1.51,1.3,1,0.7,0.65,68
1.51,1.3,1,0.7,0.65,69
1.44,1.3,1,0.7,0.6,70
1.44,1.3,1,0.7,0.6,71
1.44,1.3,1,0.7,0.6,72
1.37,1.3,1,0.7,0.55,73
1.3,1.3,1,0.7,0.5,74
1.3,1.3,1,0.7,0.5,75
1.23,1.3,1,0.7,0.45,76
1.16,1.3,1,0.7,0.4,77
1.02,1.3,1,0.7,0.3,78
0.95,1.3,1,0.7,0.25,79
0.95,1.3,1,0.7,0.25,80
0.88,1.3,1,0.7,0.2,81
0.88,1.3,1,0.7,0.2,82
0.88,1.3,1,0.7,0.2,83
0.88,1.3,1,0.7,0.2,84
0.88,1.3,1,0.7,0.2,85
0.88,1.3,1,0.7,0.2,86
0.88,1.3,1,0.7,0.2,87
0.81,1.3,1,0.7,0.15,88
0.81,1.3,1,0.7,0.15,89
0.81,1.3,1,0.7,0.15,90
0.81,1.3,1,0.7,0.15,91
0.81,1.3,1,0.7,0.15,92
0.81,1.3,1,0.7,0.15,93
0.81,1.3,1,0.7,0.15,94
0.81,1.3,1,0.7,0.15,95
0.81,1.3,1,0.7,0.15,96
0.81,1.3,1,0.7,0.15,97
0.74,1.3,1,0.7,0.1,98
0.67,1.3,1,0.7,0.05,99
0.67,1.3,1,0.7,0.05,100
0.6,1.3,1,0.7,0,101
1.4,1.4,0,0.6,1,1
1.4,1.4,0,0.6,1,2
1.4,1.4,0,0.6,1,3
1.4,1.4,0,0.6,1,4
1.4,1.4,0,0.6,1,5
1.4,1.4,0,0.6,1,6
1.4,1.4,0,0.6,1,7
1.4,1.4,0,0.6,1,8
1.4,1.4,0,0.6,1,9
1.4,1.4,0,0.6,1,10
1.4,1.4,0,0.6,1,11
1.4,1.4,0,0.6,1,12
1.4,1.4,0,0.6,1,13
1.4,1.4,0,0.6,1,14
1.4,1.4,0,0.6,1,15
1.4,1.4,0,0.6,1,16
1.4,1.4,0,0.6,1,17
1.4,1.4,0,0.6,1,18
1.4,1.4,0,0.6,1,19
1.4,1.4,0,0.6,1,20
1.4,1.4,0,0.6,1,21
1.4053,1.4,0.0087719,0.6,1,22
1.4053,1.4,0.0087719,0.6,1,23
1.4421,1.4,0.070175,0.6,1,24
1.3984,1.4,0.11404,0.6,0.95,25
1.4089,1.4,0.13158,0.6,0.95,26
1.4563,1.4,0.21053,0.6,0.95,27
1.5089,1.4,0.29825,0.6,0.95,28
1.5563,1.4,0.37719,0.6,0.95,29
1.5932,1.4,0.4386,0.6,0.95,30
1.6458,1.4,0.52632,0.6,0.95,31
1.6932,1.4,0.60526,0.6,0.95,32
1.7195,1.4,0.64912,0.6,0.95,33
1.7668,1.4,0.72807,0.6,0.95,34
1.7232,1.4,0.77193,0.6,0.9,35
1.7389,1.4,0.79825,0.6,0.9,36
1.7653,1.4,0.84211,0.6,0.9,37
1.7863,1.4,0.87719,0.6,0.9,38
1.7968,1.4,0.89474,0.6,0.9,39
1.7968,1.4,0.89474,0.6,0.9,40
1.8232,1.4,0.9386,0.6,0.9,41
1.8232,1.4,0.9386,0.6,0.9,42
1.8389,1.4,0.96491,0.6,0.9,43
1.8442,1.4,0.97368,0.6,0.9,44
1.8442,1.4,0.97368,0.6,0.9,45
1.8495,1.4,0.98246,0.6,0.9,46
1.8495,1.4,0.98246,0.6,0.9,47
1.8495,1.4,0.98246,0.6,0.9,48
1.7795,1.4,0.98246,0.6,0.85,49
1.7795,1.4,0.98246,0.6,0.85,50
1.6447,1.4,0.99123,0.6,0.75,51
1.65,1.4,1,0.6,0.75,52
1.65,1.4,1,0.6,0.75,53
1.65,1.4,1,0.6,0.75,54
1.65,1.4,1,0.6,0.75,55
1.65,1.4,1,0.6,0.75,56
1.65,1.4,1,0.6,0.75,57
1.65,1.4,1,0.6,0.75,58
1.65,1.4,1,0.6,0.75,59
1.58,1.4,1,0.6,0.7,60
1.58,1.4,1,0.6,0.7,61
1.58,1.4,1,0.6,0.7,62
1.58,1.4,1,0.6,0.7,63
1.58,1.4,1,0.6,0.7,64
1.58,1.4,1,0.6,0.7,65
1.51,1.4,1,0.6,0.65,66
1.51,1.4,1,0.6,0.65,67
1.51,1.4,1,0.6,0.65,68
1.51,1.4,1,0.6,0.65,69
1.44,1.4,1,0.6,0.6,70
1.44,1.4,1,0.6,0.6,71
1.44,1.4,1,0.6,0.6,72
1.37,1.4,1,0.6,0.55,73
1.3,1.4,1,0.6,0.5,74
1.3,1.4,1,0.6,0.5,75
1.23,1.4,1,0.6,0.45,76
1.16,1.4,1,0.6,0.4,77
1.02,1.4,1,0.6,0.3,78
0.95,1.4,1,0.6,0.25,79
0.95,1.4,1,0.6,0.25,80
0.88,1.4,1,0.6,0.2,81
0.88,1.4,1,0.6,0.2,82
0.88,1.4,1,0.6,0.2,83
0.88,1.4,1,0.6,0.2,84
0.88,1.4,1,0.6,0.2,85
0.88,1.4,1,0.6,0.2,86
0.88,1.4,1,0.6,0.2,87
0.81,1.4,1,0.6,0.15,88
0.81,1.4,1,0.6,0.15,89
0.81,1.4,1,0.6,0.15,90
0.81,1.4,1,0.6,0.15,91
0.81,1.4,1,0.6,0.15,92
0.81,1.4,1,0.6,0.15,93
0.81,1.4,1,0.6,0.15,94
0.81,1.4,1,0.6,0.15,95
0.81,1.4,1,0.6,0.15,96
0.81,1.4,1,0.6,0.15,97
0.74,1.4,1,0.6,0.1,98
0.67,1.4,1,0.6,0.05,99
0.67,1.4,1,0.6,0.05,100
0.6,1.4,1,0.6,0,101
1.4,1.5,0,0.5,1,1
1.4,1.5,0,0.5,1,2
1.4,1.5,0,0.5,1,3
1.4,1.5,0,0.5,1,4
1.4,1.5,0,0.5,1,5
1.4,1.5,0,0.5,1,6
1.4,1.5,0,0.5,1,7
1.4,1.5,0,0.5,1,8
1.4,1.5,0,0.5,1,9
1.4,1.5,0,0.5,1,10
1.4,1.5,0,0.5,1,11
1.4,1.5,0,0.5,1,12
1.4,1.5,0,0.5,1,13
1.4,1.5,0,0.5,1,14
1.4,1.5,0,0.5,1,15
1.4,1.5,0,0.5,1,16
1.4,1.5,0,0.5,1,17
1.4,1.5,0,0.5,1,18
1.4,1.5,0,0.5,1,19
1.4,1.5,0,0.5,1,20
1.4,1.5,0,0.5,1,21
1.4053,1.5,0.0087719,0.5,1,22
1.4053,1.5,0.0087719,0.5,1,23
1.4421,1.5,0.070175,0.5,1,24
1.3984,1.5,0.11404,0.5,0.95,25
1.4089,1.5,0.13158,0.5,0.95,26
1.4563,1.5,0.21053,0.5,0.95,27
1.5089,1.5,0.29825,0.5,0.95,28
1.5563,1.5,0.37719,0.5,0.95,29
1.5932,1.5,0.4386,0.5,0.95,30
1.6458,1.5,0.52632,0.5,0.95,31
1.6932,1.5,0.60526,0.5,0.95,32
1.7195,1.5,0.64912,0.5,0.95,33
1.7668,1.5,0.72807,0.5,0.95,34
1.7232,1.5,0.77193,0.5,0.9,35
1.7389,1.5,0.79825,0.5,0.9,36
1.7653,1.5,0.84211,0.5,0.9,37
1.7863,1.5,0.87719,0.5,0.9,38
1.7968,1.5,0.89474,0.5,0.9,39
1.7968,1.5,0.89474,0.5,0.9,40
1.8232,1.5,0.9386,0.5,0.9,41
1.8232,1.5,0.9386,0.5,0.9,42
1.8389,1.5,0.96491,0.5,0.9,43
1.8442,1.5,0.97368,0.5,0.9,44
1.8442,1.5,0.97368,0.5,0.9,45
1.8495,1.5,0.98246,0.5,0.9,46
1.8495,1.5,0.98246,0.5,0.9,47
1.8495,1.5,0.98246,0.5,0.9,48
1.7795,1.5,0.98246,0.5,0.85,49
1.7795,1.5,0.98246,0.5,0.85,50
1.6447,1.5,0.99123,0.5,0.75,51
1.65,1.5,1,0.5,0.75,52
1.65,1.5,1,0.5,0.75,53
1.65,1.5,1,0.5,0.75,54
1.65,1.5,1,0.5,0.75,55
1.65,1.5,1,0.5,0.75,56
1.65,1.5,1,0.5,0.75,57
1.65,1.5,1,0.5,0.75,58
1.65,1.5,1,0.5,0.75,59
1.58,1.5,1,0.5,0.7,60
1.58,1.5,1,0.5,0.7,61
1.58,1.5,1,0.5,0.7,62
1.58,1.5,1,0.5,0.7,63
1.58,1.5,1,0.5,0.7,64
1.58,1.5,1,0.5,0.7,65
1.51,1.5,1,0.5,0.65,66
1.51,1.5,1,0.5,0.65,67
1.51,1.5,1,0.5,0.65,68
1.51,1.5,1,0.5,0.65,69
1.44,1.5,1,0.5,0.6,70
1.44,1.5,1,0.5,0.6,71
1.44,1.5,1,0.5,0.6,72
1.37,1.5,1,0.5,0.55,73
1.3,1.5,1,0.5,0.5,74
1.3,1.5,1,0.5,0.5,75
1.23,1.5,1,0.5,0.45,76
1.16,1.5,1,0.5,0.4,77
1.02,1.5,1,0.5,0.3,78
0.95,1.5,1,0.5,0.25,79
0.95,1.5,1,0.5,0.25,80
0.88,1.5,1,0.5,0.2,81
0.88,1.5,1,0.5,0.2,82
0.88,1.5,1,0.5,0.2,83
0.88,1.5,1,0.5,0.2,84
0.88,1.5,1,0.5,0.2,85
0.88,1.5,1,0.5,0.2,86
0.88,1.5,1,0.5,0.2,87
0.81,1.5,1,0.5,0.15,88
0.81,1.5,1,0.5,0.15,89
0.81,1.5,1,0.5,0.15,90
0.81,1.5,1,0.5,0.15,91
0.81,1.5,1,0.5,0.15,92
0.81,1.5,1,0.5,0.15,93
0.81,1.5,1,0.5,0.15,94
0.81,1.5,1,0.5,0.15,95
0.81,1.5,1,0.5,0.15,96
0.81,1.5,1,0.5,0.15,97
0.74,1.5,1,0.5,0.1,98
0.67,1.5,1,0.5,0.05,99
0.67,1.5,1,0.5,0.05,100
0.6,1.5,1,0.5,0,101
1.4,1.6,0,0.4,1,1
1.4,1.6,0,0.4,1,2
1.4,1.6,0,0.4,1,3
1.4,1.6,0,0.4,1,4
1.4,1.6,0,0.4,1,5
1.4,1.6,0,0.4,1,6
1.4,1.6,0,0.4,1,7
1.4,1.6,0,0.4,1,8
1.4,1.6,0,0.4,1,9
1.4,1.6,0,0.4,1,10
1.4,1.6,0,0.4,1,11
1.4,1.6,0,0.4,1,12
1.4,1.6,0,0.4,1,13
1.4,1.6,0,0.4,1,14
1.4,1.6,0,0.4,1,15
1.4,1.6,0,0.4,1,16
1.4,1.6,0,0.4,1,17
1.4,1.6,0,0.4,1,18
1.4,1.6,0,0.4,1,19
1.4,1.6,0,0.4,1,20
1.4,1.6,0,0.4,1,21
1.4053,1.6,0.0087719,0.4,1,22
1.4053,1.6,0.0087719,0.4,1,23
1.4421,1.6,0.070175,0.4,1,24
1.3984,1.6,0.11404,0.4,0.95,25
1.4089,1.6,0.13158,0.4,0.95,26
1.4563,1.6,0.21053,0.4,0.95,27
1.5089,1.6,0.29825,0.4,0.95,28
1.5563,1.6,0.37719,0.4,0.95,29
1.5932,1.6,0.4386,0.4,0.95,30
1.6458,1.6,0.52632,0.4,0.95,31
1.6932,1.6,0.60526,0.4,0.95,32
1.7195,1.6,0.64912,0.4,0.95,33
1.7668,1.6,0.72807,0.4,0.95,34
1.7232,1.6,0.77193,0.4,0.9,35
1.7389,1.6,0.79825,0.4,0.9,36
1.7653,1.6,0.84211,0.4,0.9,37
1.7863,1.6,0.87719,0.4,0.9,38
1.7968,1.6,0.89474,0.4,0.9,39
1.7968,1.6,0.89474,0.4,0.9,40
1.8232,1.6,0.9386,0.4,0.9,41
1.8232,1.6,0.9386,0.4,0.9,42
1.8389,1.6,0.96491,0.4,0.9,43
1.8442,1.6,0.97368,0.4,0.9,44
1.8442,1.6,0.97368,0.4,0.9,45
1.8495,1.6,0.98246,0.4,0.9,46
1.8495,1.6,0.98246,0.4,0.9,47
1.8495,1.6,0.98246,0.4,0.9,48
1.7795,1.6,0.98246,0.4,0.85,49
1.7795,1.6,0.98246,0.4,0.85,50
1.6447,1.6,0.99123,0.4,0.75,51
1.65,1.6,1,0.4,0.75,52
1.65,1.6,1,0.4,0.75,53
1.65,1.6,1,0.4,0.75,54
1.65,1.6,1,0.4,0.75,55
1.65,1.6,1,0.4,0.75,56
1.65,1.6,1,0.4,0.75,57
1.65,1.6,1,0.4,0.75,58
1.65,1.6,1,0.4,0.75,59
1.58,1.6,1,0.4,0.7,60
1.58,1.6,1,0.4,0.7,61
1.58,1.6,1,0.4,0.7,62
1.58,1.6,1,0.4,0.7,63
1.58,1.6,1,0.4,0.7,64
1.58,1.6,1,0.4,0.7,65
1.51,1.6,1,0.4,0.65,66
1.51,1.6,1,0.4,0.65,67
1.51,1.6,1,0.4,0.65,68
1.51,1.6,1,0.4,0.65,69
1.44,1.6,1,0.4,0.6,70
1.44,1.6,1,0.4,0.6,71
1.44,1.6,1,0.4,0.6,72
1.37,1.6,1,0.4,0.55,73
1.3,1.6,1,0.4,0.5,74
1.3,1.6,1,0.4,0.5,75
1.23,1.6,1,0.4,0.45,76
1.16,1.6,1,0.4,0.4,77
1.02,1.6,1,0.4,0.3,78
0.95,1.6,1,0.4,0.25,79
0.95,1.6,1,0.4,0.25,80
0.88,1.6,1,0.4,0.2,81
0.88,1.6,1,0.4,0.2,82
0.88,1.6,1,0.4,0.2,83
0.88,1.6,1,0.4,0.2,84
0.88,1.6,1,0.4,0.2,85
0.88,1.6,1,0.4,0.2,86
0.88,1.6,1,0.4,0.2,87
0.81,1.6,1,0.4,0.15,88
0.81,1.6,1,0.4,0.15,89
0.81,1.6,1,0.4,0.15,90
0.81,1.6,1,0.4,0.15,91
0.81,1.6,1,0.4,0.15,92
0.81,1.6,1,0.4,0.15,93
0.81,1.6,1,0.4,0.15,94
0.81,1.6,1,0.4,0.15,95
0.81,1.6,1,0.4,0.15,96
0.81,1.6,1,0.4,0.15,97
0.74,1.6,1,0.4,0.1,98
0.67,1.6,1,0.4,0.05,99
0.67,1.6,1,0.4,0.05,100
0.6,1.6,1,0.4,0,101
1.4,1.7,0,0.3,1,1
1.4,1.7,0,0.3,1,2
1.4,1.7,0,0.3,1,3
1.4,1.7,0,0.3,1,4
1.4,1.7,0,0.3,1,5
1.4,1.7,0,0.3,1,6
1.4,1.7,0,0.3,1,7
1.4,1.7,0,0.3,1,8
1.4,1.7,0,0.3,1,9
1.4,1.7,0,0.3,1,10
1.4,1.7,0,0.3,1,11
1.4,1.7,0,0.3,1,12
1.4,1.7,0,0.3,1,13
1.4,1.7,0,0.3,1,14
1.4,1.7,0,0.3,1,15
1.4,1.7,0,0.3,1,16
1.4,1.7,0,0.3,1,17
1.4,1.7,0,0.3,1,18
1.4,1.7,0,0.3,1,19
1.4,1.7,0,0.3,1,20
1.4,1.7,0,0.3,1,21
1.4053,1.7,0.0087719,0.3,1,22
1.4053,1.7,0.0087719,0.3,1,23
1.4421,1.7,0.070175,0.3,1,24
1.3984,1.7,0.11404,0.3,0.95,25
1.4089,1.7,0.13158,0.3,0.95,26
1.4563,1.7,0.21053,0.3,0.95,27
1.5089,1.7,0.29825,0.3,0.95,28
1.5563,1.7,0.37719,0.3,0.95,29
1.5932,1.7,0.4386,0.3,0.95,30
1.6458,1.7,0.52632,0.3,0.95,31
1.6932,1.7,0.60526,0.3,0.95,32
1.7195,1.7,0.64912,0.3,0.95,33
1.7668,1.7,0.72807,0.3,0.95,34
1.7232,1.7,0.77193,0.3,0.9,35
1.7389,1.7,0.79825,0.3,0.9,36
1.7653,1.7,0.84211,0.3,0.9,37
1.7863,1.7,0.87719,0.3,0.9,38
1.7968,1.7,0.89474,0.3,0.9,39
1.7968,1.7,0.89474,0.3,0.9,40
1.8232,1.7,0.9386,0.3,0.9,41
1.8232,1.7,0.9386,0.3,0.9,42
1.8389,1.7,0.96491,0.3,0.9,43
1.8442,1.7,0.97368,0.3,0.9,44
1.8442,1.7,0.97368,0.3,0.9,45
1.8495,1.7,0.98246,0.3,0.9,46
1.8495,1.7,0.98246,0.3,0.9,47
1.8495,1.7,0.98246,0.3,0.9,48
1.7795,1.7,0.98246,0.3,0.85,49
1.7795,1.7,0.98246,0.3,0.85,50
1.6447,1.7,0.99123,0.3,0.75,51
1.65,1.7,1,0.3,0.75,52
1.65,1.7,1,0.3,0.75,53
1.65,1.7,1,0.3,0.75,54
1.65,1.7,1,0.3,0.75,55
1.65,1.7,1,0.3,0.75,56
1.65,1.7,1,0.3,0.75,57
1.65,1.7,1,0.3,0.75,58
1.65,1.7,1,0.3,0.75,59
1.58,1.7,1,0.3,0.7,60
1.58,1.7,1,0.3,0.7,61
1.58,1.7,1,0.3,0.7,62
1.58,1.7,1,0.3,0.7,63
1.58,1.7,1,0.3,0.7,64
1.58,1.7,1,0.3,0.7,65
1.51,1.7,1,0.3,0.65,66
1.51,1.7,1,0.3,0.65,67
1.51,1.7,1,0.3,0.65,68
1.51,1.7,1,0.3,0.65,69
1.44,1.7,1,0.3,0.6,70
1.44,1.7,1,0.3,0.6,71
1.44,1.7,1,0.3,0.6,72
1.37,1.7,1,0.3,0.55,73
1.3,1.7,1,0.3,0.5,74
1.3,1.7,1,0.3,0.5,75
1.23,1.7,1,0.3,0.45,76
1.16,1.7,1,0.3,0.4,77
1.02,1.7,1,0.3,0.3,78
0.95,1.7,1,0.3,0.25,79
0.95,1.7,1,0.3,0.25,80
0.88,1.7,1,0.3,0.2,81
0.88,1.7,1,0.3,0.2,82
0.88,1.7,1,0.3,0.2,83
0.88,1.7,1,0.3,0.2,84
0.88,1.7,1,0.3,0.2,85
0.88,1.7,1,0.3,0.2,86
0.88,1.7,1,0.3,0.2,87
0.81,1.7,1,0.3,0.15,88
0.81,1.7,1,0.3,0.15,89
0.81,1.7,1,0.3,0.15,90
0.81,1.7,1,0.3,0.15,91
0.81,1.7,1,0.3,0.15,92
0.81,1.7,1,0.3,0.15,93
0.81,1.7,1,0.3,0.15,94
0.81,1.7,1,0.3,0.15,95
0.81,1.7,1,0.3,0.15,96
0.81,1.7,1,0.3,0.15,97
0.74,1.7,1,0.3,0.1,98
0.67,1.7,1,0.3,0.05,99
0.67,1.7,1,0.3,0.05,100
0.6,1.7,1,0.3,0,101
1.4,1.8,0,0.2,1,1
1.4,1.8,0,0.2,1,2
1.4,1.8,0,0.2,1,3
1.4,1.8,0,0.2,1,4
1.4,1.8,0,0.2,1,5
1.4,1.8,0,0.2,1,6
1.4,1.8,0,0.2,1,7
1.4,1.8,0,0.2,1,8
1.4,1.8,0,0.2,1,9
1.4,1.8,0,0.2,1,10
1.4,1.8,0,0.2,1,11
1.4,1.8,0,0.2,1,12
1.4,1.8,0,0.2,1,13
1.4,1.8,0,0.2,1,14
1.4,1.8,0,0.2,1,15
1.4,1.8,0,0.2,1,16
1.4,1.8,0,0.2,1,17
1.4,1.8,0,0.2,1,18
1.4,1.8,0,0.2,1,19
1.4,1.8,0,0.2,1,20
1.4,1.8,0,0.2,1,21
1.4053,1.8,0.0087719,0.2,1,22
1.4053,1.8,0.0087719,0.2,1,23
1.4421,1.8,0.070175,0.2,1,24
1.3984,1.8,0.11404,0.2,0.95,25
1.4089,1.8,0.13158,0.2,0.95,26
1.4563,1.8,0.21053,0.2,0.95,27
1.5089,1.8,0.29825,0.2,0.95,28
1.5563,1.8,0.37719,0.2,0.95,29
1.5932,1.8,0.4386,0.2,0.95,30
1.6458,1.8,0.52632,0.2,0.95,31
1.6932,1.8,0.60526,0.2,0.95,32
1.7195,1.8,0.64912,0.2,0.95,33
1.7668,1.8,0.72807,0.2,0.95,34
1.7232,1.8,0.77193,0.2,0.9,35
1.7389,1.8,0.79825,0.2,0.9,36
1.7653,1.8,0.84211,0.2,0.9,37
1.7863,1.8,0.87719,0.2,0.9,38
1.7968,1.8,0.89474,0.2,0.9,39
1.7968,1.8,0.89474,0.2,0.9,40
1.8232,1.8,0.9386,0.2,0.9,41
1.8232,1.8,0.9386,0.2,0.9,42
1.8389,1.8,0.96491,0.2,0.9,43
1.8442,1.8,0.97368,0.2,0.9,44
1.8442,1.8,0.97368,0.2,0.9,45
1.8495,1.8,0.98246,0.2,0.9,46
1.8495,1.8,0.98246,0.2,0.9,47
1.8495,1.8,0.98246,0.2,0.9,48
1.7795,1.8,0.98246,0.2,0.85,49
1.7795,1.8,0.98246,0.2,0.85,50
1.6447,1.8,0.99123,0.2,0.75,51
1.65,1.8,1,0.2,0.75,52
1.65,1.8,1,0.2,0.75,53
1.65,1.8,1,0.2,0.75,54
1.65,1.8,1,0.2,0.75,55
1.65,1.8,1,0.2,0.75,56
1.65,1.8,1,0.2,0.75,57
1.65,1.8,1,0.2,0.75,58
1.65,1.8,1,0.2,0.75,59
1.58,1.8,1,0.2,0.7,60
1.58,1.8,1,0.2,0.7,61
1.58,1.8,1,0.2,0.7,62
1.58,1.8,1,0.2,0.7,63
1.58,1.8,1,0.2,0.7,64
1.58,1.8,1,0.2,0.7,65
1.51,1.8,1,0.2,0.65,66
1.51,1.8,1,0.2,0.65,67
1.51,1.8,1,0.2,0.65,68
1.51,1.8,1,0.2,0.65,69
1.44,1.8,1,0.2,0.6,70
1.44,1.8,1,0.2,0.6,71
1.44,1.8,1,0.2,0.6,72
1.37,1.8,1,0.2,0.55,73
1.3,1.8,1,0.2,0.5,74
1.3,1.8,1,0.2,0.5,75
1.23,1.8,1,0.2,0.45,76
1.16,1.8,1,0.2,0.4,77
1.02,1.8,1,0.2,0.3,78
0.95,1.8,1,0.2,0.25,79
0.95,1.8,1,0.2,0.25,80
0.88,1.8,1,0.2,0.2,81
0.88,1.8,1,0.2,0.2,82
0.88,1.8,1,0.2,0.2,83
0.88,1.8,1,0.2,0.2,84
0.88,1.8,1,0.2,0.2,85
0.88,1.8,1,0.2,0.2,86
0.88,1.8,1,0.2,0.2,87
0.81,1.8,1,0.2,0.15,88
0.81,1.8,1,0.2,0.15,89
0.81,1.8,1,0.2,0.15,90
0.81,1.8,1,0.2,0.15,91
0.81,1.8,1,0.2,0.15,92
0.81,1.8,1,0.2,0.15,93
0.81,1.8,1,0.2,0.15,94
0.81,1.8,1,0.2,0.15,95
0.81,1.8,1,0.2,0.15,96
0.81,1.8,1,0.2,0.15,97
0.74,1.8,1,0.2,0.1,98
0.67,1.8,1,0.2,0.05,99
0.67,1.8,1,0.2,0.05,100
0.6,1.8,1,0.2,0,101
1.4,1.9,0,0.1,1,1
1.4,1.9,0,0.1,1,2
1.4,1.9,0,0.1,1,3
1.4,1.9,0,0.1,1,4
1.4,1.9,0,0.1,1,5
1.4,1.9,0,0.1,1,6
1.4,1.9,0,0.1,1,7
1.4,1.9,0,0.1,1,8
1.4,1.9,0,0.1,1,9
1.4,1.9,0,0.1,1,10
1.4,1.9,0,0.1,1,11
1.4,1.9,0,0.1,1,12
1.4,1.9,0,0.1,1,13
1.4,1.9,0,0.1,1,14
1.4,1.9,0,0.1,1,15
1.4,1.9,0,0.1,1,16
1.4,1.9,0,0.1,1,17
1.4,1.9,0,0.1,1,18
1.4,1.9,0,0.1,1,19
1.4,1.9,0,0.1,1,20
1.4,1.9,0,0.1,1,21
1.4053,1.9,0.0087719,0.1,1,22
1.4053,1.9,0.0087719,0.1,1,23
1.4421,1.9,0.070175,0.1,1,24
1.3984,1.9,0.11404,0.1,0.95,25
1.4089,1.9,0.13158,0.1,0.95,26
1.4563,1.9,0.21053,0.1,0.95,27
1.5089,1.9,0.29825,0.1,0.95,28
1.5563,1.9,0.37719,0.1,0.95,29
1.5932,1.9,0.4386,0.1,0.95,30
1.6458,1.9,0.52632,0.1,0.95,31
1.6932,1.9,0.60526,0.1,0.95,32
1.7195,1.9,0.64912,0.1,0.95,33
1.7668,1.9,0.72807,0.1,0.95,34
1.7232,1.9,0.77193,0.1,0.9,35
1.7389,1.9,0.79825,0.1,0.9,36
1.7653,1.9,0.84211,0.1,0.9,37
1.7863,1.9,0.87719,0.1,0.9,38
1.7968,1.9,0.89474,0.1,0.9,39
1.7968,1.9,0.89474,0.1,0.9,40
1.8232,1.9,0.9386,0.1,0.9,41
1.8232,1.9,0.9386,0.1,0.9,42
1.8389,1.9,0.96491,0.1,0.9,43
1.8442,1.9,0.97368,0.1,0.9,44
1.8442,1.9,0.97368,0.1,0.9,45
1.8495,1.9,0.98246,0.1,0.9,46
1.8495,1.9,0.98246,0.1,0.9,47
1.8495,1.9,0.98246,0.1,0.9,48
1.7795,1.9,0.98246,0.1,0.85,49
1.7795,1.9,0.98246,0.1,0.85,50
1.6447,1.9,0.99123,0.1,0.75,51
1.65,1.9,1,0.1,0.75,52
1.65,1.9,1,0.1,0.75,53
1.65,1.9,1,0.1,0.75,54
1.65,1.9,1,0.1,0.75,55
1.65,1.9,1,0.1,0.75,56
1.65,1.9,1,0.1,0.75,57
1.65,1.9,1,0.1,0.75,58
1.65,1.9,1,0.1,0.75,59
1.58,1.9,1,0.1,0.7,60
1.58,1.9,1,0.1,0.7,61
1.58,1.9,1,0.1,0.7,62
1.58,1.9,1,0.1,0.7,63
1.58,1.9,1,0.1,0.7,64
1.58,1.9,1,0.1,0.7,65
1.51,1.9,1,0.1,0.65,66
1.51,1.9,1,0.1,0.65,67
1.51,1.9,1,0.1,0.65,68
1.51,1.9,1,0.1,0.65,69
1.44,1.9,1,0.1,0.6,70
1.44,1.9,1,0.1,0.6,71
1.44,1.9,1,0.1,0.6,72
1.37,1.9,1,0.1,0.55,73
1.3,1.9,1,0.1,0.5,74
1.3,1.9,1,0.1,0.5,75
1.23,1.9,1,0.1,0.45,76
1.16,1.9,1,0.1,0.4,77
1.02,1.9,1,0.1,0.3,78
0.95,1.9,1,0.1,0.25,79
0.95,1.9,1,0.1,0.25,80
0.88,1.9,1,0.1,0.2,81
0.88,1.9,1,0.1,0.2,82
0.88,1.9,1,0.1,0.2,83
0.88,1.9,1,0.1,0.2,84
0.88,1.9,1,0.1,0.2,85
0.88,1.9,1,0.1,0.2,86
0.88,1.9,1,0.1,0.2,87
0.81,1.9,1,0.1,0.15,88
0.81,1.9,1,0.1,0.15,89
0.81,1.9,1,0.1,0.15,90
0.81,1.9,1,0.1,0.15,91
0.81,1.9,1,0.1,0.15,92
0.81,1.9,1,0.1,0.15,93
0.81,1.9,1,0.1,0.15,94
0.81,1.9,1,0.1,0.15,95
0.81,1.9,1,0.1,0.15,96
0.81,1.9,1,0.1,0.15,97
0.74,1.9,1,0.1,0.1,98
0.67,1.9,1,0.1,0.05,99
0.67,1.9,1,0.1,0.05,100
0.6,1.9,1,0.1,0,101
